,Date,Visiting Team Game Number,Home Team Game Number,Visiting Team Score,Home Team Score,Length of Game in Outs,Attendance,Visting Team At-Bats,Visting Team Hits,Visting Team Doubles,Visting Team Triples,Visting Team Home-Runs,Visting Team RBI,Visiting Team Sac Hits,Visting Team Sac Flys,Visting Team HBP,Visting Team Walks,Visting Team Int Walks,Visting Team Strikeouts,Visting Team Stolen Bases,Visting Team Caught Stealing,Visting Team G Double Play,Visting Team Awarded First on Interference,Visiting Team LOB,Visting Team Pitchers Used,Visting Team Ind ER,Visting Team Team ER,Visting Team Wild Pitches,Visting Team Balks,Visting Team Put-outs,Visting Team Assists,Visting Team Errors,Visting Team Passed Balls,Visting Team Double Plays,Visting Team Triple Plays,Home Team At-Bats,Home Team Hits,Home Team Doubles,Home Team Triples,Home Team Home-Runs,Home Team RBI,Home Team Sac Hits,Home Team Sac Flys,Home Team HBP,Home Team Walks,Home Team Int Walks,Home Team Strikeouts,Home Team Stolen Bases,Home Team Caught Stealing,Home Team G Double Play,Home Team Awarded First on Interference,Home Team LOB,Home Team Pitchers Used,Home Team Ind ER,Home Team Team ER,Home Team Wild Pitches,Home Team Balks,Home Team Put-outs,Home Team Assists,Home Team Errors,Home Team Passed Balls,Home Team Double Plays,Home Team Triple Plays,Unnamed: 75,Visiting Team Batting Average,Home Team Batting Average,Visiting Team OBP,Home Team OBP,Visiting Team Slugging,Home Team Slugging,Visiting Team OPS,Home Team OPS,Win
Date,1.0,0.0048566378989078115,0.004851152678759232,-0.03646011563920725,-0.01134883278716503,0.010583480705747104,-0.060006013992852915,-0.00580501160847665,-0.03827942122897039,-0.07158011052474814,0.005507694210333572,0.020021867917636726,-0.034353697564119996,-0.12578750650018866,-0.03970433761944256,0.006953546266619927,-0.03565554187042218,-0.050850514962106116,0.1704814780440211,-0.1439191828739875,-0.015964366393975166,-0.010128259872994398,-0.007643521354129186,-0.03557784703267811,0.08225401350235485,-0.027313543591882084,-0.027211340364081387,0.051323449349171865,-0.020125977314452394,0.0041852603023752755,-0.018438889123843526,0.02283398635329809,0.012141120003196929,-0.011855810435865713,0.03026738375497612,0.016248464394300423,-0.010828596576828678,-0.02857625730487758,0.024208885625990197,0.01801442085560754,-0.013959821116871147,-0.13816506124832886,-0.03484123146425764,0.0023574259649577155,-0.03511489589441105,-0.029429081425356735,0.13145875237851554,-0.05416563123303874,-0.023393613529156136,0.0019096369759625757,-0.061395042035885035,-0.01852539572851238,0.09369455236075241,-0.030841547512112225,-0.03289032022358501,0.030464738285179108,-0.043085691592881704,0.017456207669349792,-0.05856943938545594,-0.006685891613040373,0.04699216519024705,-0.01166075872302896,0.0001687782438932057,,-0.056799387067761775,-0.036307913975414635,-0.05269392207982089,-0.03193288357074531,-0.02385022559703959,-0.004448424375460743,-0.035743136205709555,-0.014740661686110006,0.05943433105440921
Visiting Team Game Number,0.0048566378989078115,1.0,0.9995015652323455,0.0017175074193994816,0.024144609372296906,0.008064843907029542,0.01468893296279647,0.007479541792373882,0.004896531853673692,-0.053047008462042876,-0.0028588900159925395,0.009621250790679345,-0.0022086695147734373,0.015467041068036457,0.0377740005323376,0.004182528882242205,-0.042723187982594564,0.05204098330830157,-0.008788612611188717,-0.007139640636495007,0.029802418200736282,-0.052103918456492836,0.019280483547766302,-0.016926298455636368,0.10761055422007702,0.023177174868084585,0.022636001320317407,0.015887668897230717,0.011906386289688625,0.010576215613923445,0.0022327181029536,0.007242713100900425,-0.02782575971541264,-0.017226157315703688,-0.03165875780632949,0.007183374751449455,0.00012674128333255976,0.00026889800211030927,-0.02701205913938994,0.013701811627470676,0.019877993374694838,0.047699024074849154,-0.018918143765965623,-0.011639384946795828,-0.014785931883955966,0.017668723599849438,0.0469626723676604,0.05366566030354264,0.000664635361915473,-0.013270734021599862,-0.02344757401369816,-0.04218032277752788,0.0894980822519595,-0.005555374415240284,-0.008463975376016264,0.020921492095874836,-0.019182571340097324,0.004654578051738909,-0.03861473569217072,0.013432738436062443,0.021427050609833603,-0.056486030095447295,0.03072861610184292,,0.0038025764470095546,-0.009278200848660618,-0.008869152803905073,-0.016072660511030804,-0.0050870225422467155,-0.002162601743519014,-0.006769099467793031,-0.0073660543463731345,-0.033735130694020295
Home Team Game Number,0.004851152678759232,0.9995015652323455,1.0,0.0005309746521022355,0.023355344872742063,0.009216100761715456,0.016147826459490193,0.007194510713650403,0.003504685573652262,-0.05268973839023828,-0.0031724719471532574,0.00824878789390336,-0.0033621016705334466,0.015657305447532754,0.038253533914231176,0.0034965972906846675,-0.04372467029477645,0.0506879766135443,-0.006947753463469232,-0.006547421101438913,0.02976317152130361,-0.0531484079782739,0.018237440364343726,-0.01809115204980686,0.10937286164400636,0.022110911797756944,0.02161906622562413,0.016910319870384972,0.012469743190563203,0.011600507200343602,0.0023409202723142183,0.008418898913011915,-0.027603654520859344,-0.016631379630316957,-0.031073116581294857,0.008489792208252897,0.0005326361768635828,0.001172823694271569,-0.027361495741742497,0.012634035617840784,0.019206857011739655,0.047096206793423016,-0.01938128240514501,-0.01241323742876347,-0.015291257085365396,0.020697065755143622,0.04799182830148293,0.053655339640470305,-0.0012858102797685851,-0.012418863457470671,-0.022212872182917075,-0.04091362162096763,0.08892804042061994,-0.00674763878869175,-0.009693060600402188,0.02104497705891558,-0.019738887818737855,0.005887320441918761,-0.03737621313175107,0.013900640608835417,0.02197494039996852,-0.05706153998733696,0.030731083486554248,,0.0017803163232091726,-0.009362337958392105,-0.010790223345870254,-0.016448715064431525,-0.0066102324904043,-0.002667173726175732,-0.00853108089107427,-0.007855131256194952,-0.032624702686900514
Visiting Team Score,-0.03646011563920725,0.0017175074193994816,0.0005309746521022355,1.0,0.05415772469031846,0.16629008000682638,0.005157116283122554,0.6117033022282441,0.79623010992959,0.4778366705051405,0.21643803884970367,0.5861406520436004,0.9882913775799165,0.08176668981164545,0.27893641746901093,0.11436532079006324,0.36092398595401387,0.1615816723083338,-0.08769667492106986,0.12696821783671866,0.012930582681667697,0.03809475717329835,0.01363431860121407,0.17261937024697593,0.2212539744541951,0.05882631494170517,0.05879742611835478,0.04677195173608587,-0.04941081719954511,0.2777563133781461,0.0015862117058118182,-0.009404925985689514,0.07240224671859294,-0.0012316081668622837,-0.020629084226102386,0.26259238873393126,0.08024267964456068,0.039339931477512226,-0.013414710279742595,0.03840145864948087,0.06059496551782481,-0.05946816952459195,0.09058337203015634,0.021339303164968553,0.0676909486309048,-0.09311544622786815,0.10765460729016421,-0.0955239755462485,-0.017348661684027645,0.007392602644604716,0.011006683764664908,0.11722841058265195,0.3737422129717457,0.9683862063182412,0.964483806954957,0.1994836146154189,0.06859836850707189,0.026105219206638334,0.05716936457732245,0.2376033811332928,0.13602153876029932,0.03594372392116659,0.004104945565884705,,0.7925143301819734,-0.022078673008791284,0.7638148481106823,-0.020897644352790252,0.8038290894619051,-0.01964246039440912,0.8396973336804663,-0.0213198911288709,0.0389585128547622
Home Team Score,-0.01134883278716503,0.024144609372296906,0.023355344872742063,0.05415772469031846,1.0,-0.13735868346392238,0.09455894972478063,0.05399530216496222,0.04819312351119213,0.005501490300445809,0.028402462284838427,0.03369564178427467,0.058492039344111214,-0.07235085481903245,-0.009317440523380833,0.034895497283576424,-0.0674660094220389,-0.1013769043647217,0.015199839540179717,-0.06280478591034043,-0.05413705089776615,-0.010306407907901915,-0.015412188286564954,-0.02544790660309866,0.3032282520958107,0.9688072854108865,0.9677266380977563,0.1531530530310723,0.009461330878408761,-0.24255854548079497,-0.046680400417961114,0.21443192321022858,0.12859377073630845,-0.012590477940864854,0.0023074623968271754,0.42644470944979496,0.7825865450034618,0.4909894976072426,0.17910007329805497,0.5562799421495206,0.9868159868879963,0.022907242893061175,0.2781614250995034,0.0801720428246243,0.29497703397242003,0.14789675710038447,-0.17975651035453238,0.13579476390780443,0.010346093947124666,-0.032587909415281995,-0.004969886026584895,0.11600422670643902,0.040569804148615954,0.06868578532880722,0.068864285785625,0.05301410378492788,-0.02109498937569808,-0.006196821389533729,-0.023877550431761044,-0.005881088327966339,0.019245260992596578,-0.021820257744571293,0.014752725693598982,,0.008554075478941821,0.7936049693220071,-0.005213019298343654,0.763249764855198,0.034489520568685206,0.8096445342140385,0.02233148843166974,0.8430251441929092,0.053306964113563365
Length of Game in Outs,0.010583480705747104,0.008064843907029542,0.009216100761715456,0.16629008000682638,-0.13735868346392238,1.0,-0.04909202386295213,0.6933988845654658,0.24114783120055744,0.10910878717311855,0.024714662455181533,0.04733969642414782,0.16182348742117109,0.177367261293723,0.15701855056619984,0.05775462490197742,0.26779877579237715,0.18108579256065088,0.2580594027949236,0.12276592461301784,0.11863694981084909,0.12353370189958836,0.048687577485666815,0.29424652566215354,0.43429158002701956,-0.1278143978949908,-0.12741535983426028,0.057317116465847286,-0.03709572562708926,0.97710158086897,0.31843717517324843,-0.005120647620745075,0.018704843280593183,0.09489159741997027,-0.012623572725379548,0.6774243710596642,0.029355542621980642,-0.006227305511401231,-0.03764871745181956,-0.05729434224627569,-0.13429037680393044,0.06844889604724391,-0.001967501129127532,0.030947141964805087,0.11255199638303157,0.17270487459087983,0.3688895312733474,-0.0015466556386683466,0.11316851220638183,0.08008686548747207,-0.011767278984743935,0.25260338738799415,0.4808137165017841,0.15251704812381867,0.1491393297988081,0.10805073245441932,0.02163432896601831,0.9684828900963602,0.3020104853848953,0.12385687360446845,0.005293705938537514,0.14948464720340532,-0.008268908906729764,,0.0889263214191075,-0.19847673587731302,0.10228408177045402,-0.18531434474011516,0.03224523421698488,-0.20872221820702,0.059517734273384366,-0.2131558337592147,-0.0036117938574484506
Attendance,-0.060006013992852915,0.01468893296279647,0.016147826459490193,0.005157116283122554,0.09455894972478063,-0.04909202386295213,1.0,0.005198120603334585,0.020814784932331267,0.007085998219751986,0.037829500635500814,0.0332095478452897,0.010704565914671475,0.013088487517038632,-0.024059651103344872,-0.009293091064921943,-0.05734027599276312,-0.03176519823626725,-0.02619970786237558,0.052629096754694925,-0.002311380597115295,-0.0011881769549643105,-0.030782552489825213,-0.008581448990003234,0.0111535634540535,0.09042975077206984,0.08881039650734615,0.009346152226508074,-0.04642421892019665,-0.05496086439424874,0.041510654579556515,0.055195318036081444,-0.052125935516369126,0.07650791591383216,-0.0038888619679749957,0.04611038832658479,0.11135452949969754,0.0542830438610511,0.018694383643054563,0.09628357336853474,0.09808855495355648,0.001978177161623335,-0.007000349301789702,-0.016562999071694326,0.02092626361768584,0.06711371610715547,-0.09551541821026573,-0.05661363277390866,-0.03515995922256555,0.05931044118521581,0.005523106308778353,0.0426013201457493,-0.04858525961987434,-0.00023295931181079328,-0.0003576840431611993,-0.004028170340090633,0.004310223702463898,-0.03935856433502548,0.0192359828396881,0.02832284460234507,0.0494251740170471,-0.0016009148895877285,0.01675618451186927,,0.00828171772442531,0.11359130514668923,-0.005546092632452503,0.10951709639437375,0.03873788026604391,0.12991267847995502,0.025193683759763115,0.13054909484104205,-0.018126269135534064
Visting Team At-Bats,-0.00580501160847665,0.007479541792373882,0.007194510713650403,0.6117033022282441,0.05399530216496222,0.6933988845654658,0.005198120603334585,1.0,0.7936063970716827,0.4208151389289314,0.14193261682351335,0.3228771553578035,0.6056519403933052,0.07674892977483329,0.12676836537034408,0.061501213876904395,0.19374549032864005,0.17938282631554772,0.16940557180351395,0.14132017182950543,0.021496937576814146,-0.022451464074523194,0.021965822775322802,0.5401240712160273,0.3903870580751724,0.05003813570795142,0.05052702227033919,0.08446178448974946,-0.05503215689785961,0.7086974717605834,0.19665023530601944,0.0457637964724235,0.05805118934549249,0.06738257560507566,-0.02952374032522304,0.6068374835658704,0.16190133534662815,0.08067293969713474,0.004150034085673598,0.0548228725783531,0.05354170004063852,-0.010944665147614802,0.06188419134981417,0.02162192029656546,0.1185817609740543,0.090961759621937,0.24256523249766881,-0.011753963509015659,0.06846256902240329,0.06361965739665976,0.008095130400143773,0.22812626608845463,0.5411073606402425,0.5870441083730191,0.5814301586510676,0.1915861150004532,0.03187662974919065,0.635048835356594,0.14594500447428121,0.2519289932510909,0.0583151046737056,-0.014743691974464594,0.0020476271414454766,,0.5804093041994576,-0.03175967595526849,0.5401801236214753,-0.03306560742894038,0.525982490311002,-0.02912763093466396,0.5640133984681482,-0.03237186426218596,0.016141452026590182
Visting Team Hits,-0.03827942122897039,0.004896531853673692,0.003504685573652262,0.79623010992959,0.04819312351119213,0.24114783120055744,0.020814784932331267,0.7936063970716827,1.0,0.5203285140206199,0.2076085070312817,0.4299093473754524,0.7897628715153836,0.09063078786261365,0.21192906699753308,0.0740509275183521,0.1674647354477051,0.14251098795792427,-0.07529072827545273,0.1140998686605699,0.08201375878058499,0.11436673221548156,-0.005049848791971221,0.46580914944121143,0.20797904665538355,0.045978920989920326,0.045960961760582016,0.06798956837983457,-0.050481917662098995,0.32249018215270314,0.0581122471496093,0.015895601598257487,0.05789585626950634,0.04366520640578557,-0.04285178371981908,0.3054520362456308,0.10744772656318163,0.06850040050621442,-0.03060505395844218,0.027571448592725985,0.048308362483222976,-0.06650912214086223,0.06440222710157609,0.008868592965667714,0.04698825514022766,-0.035573962232540245,0.10682595006594722,-0.06954126231460521,0.011512747659462596,0.04639473458462758,0.013102291028247903,0.11884397235373766,0.39088979921631745,0.7885306071460528,0.7845755479870977,0.1690052018079535,0.03811468833280543,0.13186114836243518,0.12761838958503255,0.17542237984317283,0.07143394496647636,0.1221459988801594,0.02047649600653061,,0.9167928323222232,-0.005148036300692626,0.8451007760994467,-0.015157078470061185,0.806007381527921,-0.011659270665761778,0.8705368521431759,-0.013658118405848825,0.01758069148837263
Visting Team Doubles,-0.07158011052474814,-0.053047008462042876,-0.05268973839023828,0.4778366705051405,0.005501490300445809,0.10910878717311855,0.007085998219751986,0.4208151389289314,0.5203285140206199,1.0,0.07328980189127692,0.10041964831718694,0.4714709954012455,0.0736824488652087,0.10922093677788973,0.024546867228959348,0.13810721236993362,0.15002603428231143,-0.02979827620674666,0.05514788347521947,0.029139483664133353,-0.07195402659124439,-0.0059701550415552475,0.24701093904172336,0.0856584364590656,0.014013820116341094,0.013427642370112151,0.04874628832778253,-0.01512499371343186,0.1629905708263528,0.02471167132848815,0.018588347021164377,0.02713847196705494,0.0636381975418882,-0.014968708178054017,0.1384332464676496,0.04252906826907092,0.06014299121544215,0.013952886241579653,-0.010082627665427325,0.0029706032267517763,-0.06366952163189785,0.03025243593891226,0.02243377965371016,0.012156746805034247,-0.08528496985205912,0.07154283768179837,-0.03850469447923564,-0.003788494110831559,0.059447328133627395,0.04589587451174939,0.047021471988545976,0.19411832051431996,0.46919582788654457,0.46980993795176695,0.04411614612907851,0.0025156622860262345,0.03966931447393696,0.05047568104138998,0.10942720905794365,0.0549911567381192,-0.06996189158500293,-0.00858285300264385,,0.48699542867160694,-0.014833986719222642,0.45257041040326706,-0.007637902862247593,0.5209829375194908,-0.009016668235093887,0.5289131355842808,-0.009074250691235058,0.02570622727705436
Visting Team Triples,0.005507694210333572,-0.0028588900159925395,-0.0031724719471532574,0.21643803884970367,0.028402462284838427,0.024714662455181533,0.037829500635500814,0.14193261682351335,0.2076085070312817,0.07328980189127692,1.0,0.020097304672801554,0.21311770743151717,0.055854659982561936,0.11892516118572961,0.005437814052645497,0.04107219399604576,0.07470261246130813,-0.04338209034222117,0.0016384408579071827,-0.03545683524971568,0.023922352744948448,0.022294681082838136,0.048077472475317795,0.04462859302962744,0.024338337902806317,0.025001087483728656,0.06679739102137819,-0.013068302437579858,0.04835459829610612,-0.006864040058369554,0.01688603851601147,0.03648607306015459,0.024233270245554488,-0.010182936479774541,0.058029030411081046,0.036059865220251876,0.0015828953442297827,-0.027801349996380287,-0.009979841750269773,0.021243737308722175,-0.012917340614575014,0.03275293293935036,0.01646109113852342,0.0883834698399396,-0.002689369468910433,-0.00797097900387436,-0.00219241595155052,-0.011051989874970624,0.025367647255563806,-0.02887117923896835,0.08343597280640651,0.07084447886762446,0.21769129045999427,0.21878799194638704,0.0744306898264129,0.0010474294837452577,-0.004400519704250366,0.052288896532076426,0.0597972870356873,0.019378875454437085,0.03471951329398312,-0.01440579476910315,,0.20792312198726876,0.03610818360091756,0.18042931432187517,0.046280357212908386,0.26003799228537083,-0.0074548578159153766,0.2476033440628997,0.011664406294155816,0.026295234217149143
Visting Team Home-Runs,0.020021867917636726,0.009621250790679345,0.00824878789390336,0.5861406520436004,0.03369564178427467,0.04733969642414782,0.0332095478452897,0.3228771553578035,0.4299093473754524,0.10041964831718694,0.020097304672801554,1.0,0.6085317741097436,-0.01066533077622015,-0.006668941751275689,-0.010086648596878484,0.09315116644714241,-0.00987863176827119,-0.04186672840538186,-0.04344406486421495,0.004377616966872634,0.004099881697737539,-0.014706314208797283,-0.06610437972658524,0.10773617494743747,0.045580751401768496,0.04543740893746625,0.01553870799289097,-0.06757521980148984,0.1166040356959964,0.01272056575704406,-0.038110075795023866,-0.0017007906531503,0.017887000041502947,-0.002268306528809064,0.11143736028010277,0.04558579423892329,0.04478485338482701,0.019427021811329284,0.021841706050924305,0.03968974350888047,-0.028262967584679652,0.06809373595769902,-0.017983999998253834,0.02940156724440455,-0.07894759092647056,0.018096583996223513,-0.031905426548479915,-0.00614946833527492,0.024108620637239175,-0.038966928495391795,0.03670666603490796,0.16991052811937477,0.6011930508488808,0.5997727213053067,0.02849524484317707,-0.02046214317654008,-0.03650459801398121,-0.030418782091580703,0.01439003027695581,0.011410069230465277,0.0017817334658482063,-0.019443250656325455,,0.38955214077928485,-0.004447963411345011,0.37662797614709864,-0.008876372090366508,0.7917599410448741,0.006895301667870199,0.6916116481708915,0.0015760316697974177,0.03753486557658021
Visting Team RBI,-0.034353697564119996,-0.0022086695147734373,-0.0033621016705334466,0.9882913775799165,0.058492039344111214,0.16182348742117109,0.010704565914671475,0.6056519403933052,0.7897628715153836,0.4714709954012455,0.21311770743151717,0.6085317741097436,1.0,0.07531042427131068,0.2734386933965959,0.10523711848586684,0.34771526366467387,0.1438850117069111,-0.08018202943970842,0.11690545904493349,0.007445555060181999,0.024838487284126656,0.0036944862294483343,0.16224903133648583,0.21673796424318548,0.06310210088254237,0.06296799374169189,0.04986658475571944,-0.05223524922162303,0.2702338186244834,1.1253107893400628e-05,-0.00838431513702447,0.06294447748959979,-0.0007305160773369584,-0.019359503269588258,0.26152385387036087,0.08514181853115467,0.04163065361278292,-0.012606966846533715,0.04042481253954103,0.06662307477363721,-0.060309355904246915,0.09483573180231569,0.024517739006938967,0.06470465242622292,-0.09389270136492851,0.09904526587809699,-0.0906995077342787,-0.019941922293479672,0.004660221819683004,0.0023164905793972824,0.11818054459053597,0.3653104226118015,0.9735866168220697,0.9699641776314716,0.18012470692465124,0.050383816616267826,0.02547647913234446,0.04954490879409658,0.18041325999844163,0.12093771820777816,0.024734625109644384,-0.004552892025262282,,0.7826190135179605,-0.015929388650222236,0.7521401406722527,-0.016462545930840643,0.8125602548851746,-0.014303739115860102,0.8416167944977968,-0.015978876218341556,0.04401468480478394
Visiting Team Sac Hits,-0.12578750650018866,0.015467041068036457,0.015657305447532754,0.08176668981164545,-0.07235085481903245,0.177367261293723,0.013088487517038632,0.07674892977483329,0.09063078786261365,0.0736824488652087,0.055854659982561936,-0.01066533077622015,0.07531042427131068,1.0,0.0981710525386655,0.023342852702716275,0.08912381206364516,0.09339392592226278,-0.04755169935124611,0.04432866439358949,0.05081624916788579,-0.015480514417140464,-0.00010896585742415105,0.11888002790110588,0.07012514237799623,-0.058269869328976175,-0.058409172416280165,0.023981167979547875,0.022555235458783678,0.19437159648389926,0.11723533338504746,-0.02563431666126446,-0.011461756703755184,0.056853133491400816,-0.010021617202926244,0.09882159077044052,-0.015394359964274794,0.004389747822811644,-0.041974135171362,-0.057597350253655824,-0.07089716463831404,0.06724013626760626,0.00551741126184032,-0.004719792262197332,0.013733127234851617,0.03140918467943263,0.022104888824956113,-0.009078884947744562,0.024314024363614965,0.040009477231368905,-0.028413798623282867,0.04214498852463453,0.09676277358530519,0.06882155491989815,0.06930903571501194,-0.019090573489523206,0.01656520316278173,0.14711682066526766,0.15184175798972752,0.1016289784156935,-0.009480755876007925,-0.022229081777950337,-0.014177576474784565,,0.15471647463012353,-0.049390590444717004,0.11823692873276305,-0.05336542900833682,0.06558167319244348,-0.07393675842734747,0.08867184094304496,-0.07103240464223795,-0.05520254837522814
Visting Team Sac Flys,-0.03970433761944256,0.0377740005323376,0.038253533914231176,0.27893641746901093,-0.009317440523380833,0.15701855056619984,-0.024059651103344872,0.12676836537034408,0.21192906699753308,0.10922093677788973,0.11892516118572961,-0.006668941751275689,0.2734386933965959,0.0981710525386655,1.0,0.08242846720448913,0.16659656657822247,0.09284747888148606,-0.03908359978910196,0.08750811881454963,0.011763533925368455,-0.012627092117545206,0.037429492627104224,0.11615220804926844,0.09677881757474024,-0.004988501359469308,-0.007085709427714706,0.05399115666215866,-0.03483439764973077,0.1800132475647083,0.05513153092514993,-0.014343953060920196,0.02870382251948729,0.009793900039282611,-0.013963651281459682,0.1252764021796486,0.004756343334666421,0.00605336620798343,-0.044615450776159596,-0.016471281366815357,-0.009616602849746752,-0.06022922670177892,0.04163048866419818,0.010955363567093524,0.06415882563810212,0.006843518812393043,0.07112647787473529,-0.043766206976739865,0.027403402977096418,0.004381334860550496,-0.022174001297010748,0.0602900248023107,0.13580845790065937,0.2564918886809158,0.2544586620677176,0.09133168015700868,0.031039088347240184,0.12094237254305004,0.016437907407984776,0.14198298920928823,0.07697892366478058,-3.8717261486058245e-05,-0.019754369968582056,,0.3264045020986194,-0.035736424895968406,0.21689788182767053,-0.02590370388814365,0.1493197641408619,-0.05081034982928278,0.18303048482816286,-0.04488970558333403,-0.004924196948183551
Visting Team HBP,0.006953546266619927,0.004182528882242205,0.0034965972906846675,0.11436532079006324,0.034895497283576424,0.05775462490197742,-0.009293091064921943,0.061501213876904395,0.0740509275183521,0.024546867228959348,0.005437814052645497,-0.010086648596878484,0.10523711848586684,0.023342852702716275,0.08242846720448913,1.0,0.079025733807439,0.0420314822999682,0.030449656989937547,0.06399286334678528,0.036497425601150144,0.01785220170402828,-0.009506892672951186,0.2418818669162548,0.08439826754085662,0.04165768844781228,0.04197155453601274,0.03930055736070812,0.002061478166998898,0.06503702434815392,0.016913189006957614,0.03941471308015874,0.010956568660353687,0.020553827363974556,-0.015366223101849822,0.06954231617980362,0.035998625148706526,0.0602537022498428,-0.02179918263419026,0.02942029108734185,0.03388447223120115,0.007825505650568195,0.01875527277196721,0.06707768013216246,0.031180334662956857,0.012431371866316836,0.01105526214977457,0.011682723572356276,-0.021414329635530215,0.021786960076903616,0.014883418958073004,0.043543671056998766,0.15962060600747183,0.11784612824256899,0.11836207687024494,0.131483586623735,0.04401699472301039,0.0458611755116067,-0.025930991325773124,0.017769183346659948,0.028682911154081333,0.023806225513889695,0.007426349897173745,,0.14954566942985978,0.024884786509725313,0.22067383886957276,0.03107061545249573,0.03239542832393599,0.031455475109331464,0.10231259058849042,0.03326895682178048,-0.020963689362274936
Visting Team Walks,-0.03565554187042218,-0.042723187982594564,-0.04372467029477645,0.36092398595401387,-0.0674660094220389,0.26779877579237715,-0.05734027599276312,0.19374549032864005,0.1674647354477051,0.13810721236993362,0.04107219399604576,0.09315116644714241,0.34771526366467387,0.08912381206364516,0.16659656657822247,0.079025733807439,1.0,0.2846593068345035,0.006383857170595534,0.16526214071168221,0.07821928996543873,0.17129552332850387,0.03965397493581605,0.5469440735756078,0.17730068002457877,-0.07124335673508173,-0.07167497975303908,0.02821861992859415,-0.01963968231956073,0.3094951719281373,0.030097412523097933,0.021995778779250172,0.05848814461024304,-0.0032980601625014596,-0.015072054578033277,0.1876212261057343,-0.03965580708814706,-0.03944225454925719,-0.022732183655337163,-0.052516408959266514,-0.06420729210085974,0.043756752280081176,0.016835448825519118,0.02366856078160585,0.07563173391984204,-0.03600241080400776,0.17256361082997018,-0.02951157447366776,0.04721586593047895,-0.021515926776536066,0.0010887785805509802,0.1039901700234117,0.4485730035071861,0.3398365188068765,0.3385176764025017,0.157280728843808,0.07703967060960426,0.2033687058108635,0.08450268642855067,0.11833021443206808,0.08273085833753492,0.1678540475600694,-0.030068704795182456,,0.3739271732089001,-0.10820804856009836,0.5525487776727487,-0.08478411473688766,0.14926946998696006,-0.12717808518935925,0.30402543575671376,-0.11962795688585609,0.039946358534301125
Visting Team Int Walks,-0.050850514962106116,0.05204098330830157,0.0506879766135443,0.1615816723083338,-0.1013769043647217,0.18108579256065088,-0.03176519823626725,0.17938282631554772,0.14251098795792427,0.15002603428231143,0.07470261246130813,-0.00987863176827119,0.1438850117069111,0.09339392592226278,0.09284747888148606,0.0420314822999682,0.2846593068345035,1.0,-0.016769529511156536,0.0911605232647826,0.039278534512557146,0.03486418380649324,0.04055760881712971,0.24719284380563486,0.11570637083412784,-0.10314508730335563,-0.102806575245975,0.0005846134166478537,-0.015590781603589355,0.21315514602522032,0.08346073322175565,0.012329950558545721,0.01574906767540359,0.038916616615151126,-0.009944382589244636,0.0904294327753852,-0.06688503756612421,-0.06014648203167823,-0.010615836108527527,-0.03927377980424288,-0.10041809076969242,0.03490126481183609,0.009437056167071063,0.02960127931623854,0.03532400827205287,-0.027337145949112077,0.09828359696984525,-0.014140405162333074,0.03926798206938763,0.05300621926304349,-0.007320910858832938,0.061874968803439366,0.2085918844569899,0.13563370214119366,0.1350609117639919,0.031399731298671484,0.04607956802299859,0.13298282813350354,0.05773525391110353,0.08554661060567828,0.016924515219623258,0.020453661149643133,-0.014068312708287995,,0.2256736169808322,-0.11183538718067257,0.20821795506794183,-0.09062644385393596,0.08616671990210194,-0.11200503584225202,0.13556798547116253,-0.11117095905295267,0.07105022409411553
Visting Team Strikeouts,0.1704814780440211,-0.008788612611188717,-0.006947753463469232,-0.08769667492106986,0.015199839540179717,0.2580594027949236,-0.02619970786237558,0.16940557180351395,-0.07529072827545273,-0.02979827620674666,-0.04338209034222117,-0.04186672840538186,-0.08018202943970842,-0.04755169935124611,-0.03908359978910196,0.030449656989937547,0.006383857170595534,-0.016769529511156536,1.0,0.05881139646838845,-0.04509117021702932,-0.22600356349412656,0.05044123366922759,0.10437144467486735,0.14773481291553467,0.00754532476532714,0.009172200372875779,0.05970440406518436,-0.013369404710482043,0.21491718104429827,0.0738140098083284,-0.008584591490458449,-0.0070932410305210684,0.002984729710977497,0.0356961273024489,0.16307839817585743,0.02062657611272219,-0.009747394558407932,-0.005512875208721239,0.02383951421169944,0.012562972698623144,-0.027331930307235,-0.009858766071988781,0.00820025122366414,0.06554012767243915,0.09555905572529921,0.08617696941717404,0.06269679831653538,0.03001689367415522,0.004990448115327216,-0.010137778446536756,0.04794539824844384,0.18587404450050377,-0.07330897467686046,-0.07352950440759806,0.07316314927154896,-0.015160768196491146,0.29351247738121783,-0.36230061606491354,-0.03041064188388456,0.023700681730014283,-0.21448930028215749,-0.0002963368885418046,,-0.16809377867781056,-0.019792852176117846,-0.14699748050733724,-0.005674078007674535,-0.13274080745068306,-0.017868832721800596,-0.14618731308546518,-0.01453464832122813,0.04180198648360731
Visting Team Stolen Bases,-0.1439191828739875,-0.007139640636495007,-0.006547421101438913,0.12696821783671866,-0.06280478591034043,0.12276592461301784,0.052629096754694925,0.14132017182950543,0.1140998686605699,0.05514788347521947,0.0016384408579071827,-0.04344406486421495,0.11690545904493349,0.04432866439358949,0.08750811881454963,0.06399286334678528,0.16526214071168221,0.0911605232647826,0.05881139646838845,1.0,0.01705142539935407,-0.07212935675630372,-0.00539290849443747,0.17065198188925595,0.06971713098918401,-0.05679999307098238,-0.058587477430546875,0.02848061597851945,-0.00824731515746109,0.14669184684782896,0.02652462859456488,0.0038646542348915853,-0.027164339841684388,0.019213673363707842,-0.016964693549840152,0.06368369602063519,-0.0389807553519769,-0.023200855120664658,-0.059059471980400256,-0.040877197128627286,-0.06175928282783442,0.05373504340491795,-0.04242069027500249,0.057013954990094255,0.017727119173285958,0.025093872807896402,0.0381020849286644,0.012303654864416366,0.01059659137136409,0.016927774775416345,0.01672157695617096,0.034831980387101176,0.14436070920670857,0.11368555408080014,0.11278749057627271,0.07249928778111167,0.04928512290652928,0.08759733070874451,-0.013910205794154164,0.13865708228315976,-0.026343055000182726,-0.049911739862869856,0.031446013919069954,,0.12592703165013966,-0.05762041921783273,0.14991777508860993,-0.051450260383400434,0.022725399272191887,-0.08111403555899786,0.07001086294026197,-0.07534198304087934,0.0265950629094859
Visting Team Caught Stealing,-0.015964366393975166,0.029802418200736282,0.02976317152130361,0.012930582681667697,-0.05413705089776615,0.11863694981084909,-0.002311380597115295,0.021496937576814146,0.08201375878058499,0.029139483664133353,-0.03545683524971568,0.004377616966872634,0.007445555060181999,0.05081624916788579,0.011763533925368455,0.036497425601150144,0.07821928996543873,0.039278534512557146,-0.04509117021702932,0.01705142539935407,1.0,-6.43516935576759e-05,0.009731218680127683,-0.004056910723872699,0.06295153241175827,-0.052530610867693034,-0.052410490576619284,0.04402545644633189,0.01300768152631793,0.1261850384339533,0.06482895776101545,0.0012377976566851781,0.014228748264705557,0.0660683633731378,-0.012035472279129612,0.07329676450422605,-0.001996056257164049,-0.018603932555223263,-0.01827466902530579,-0.021897977905885813,-0.05101256571454277,0.02677252960096659,-0.029814193874610612,0.032327204058314594,-0.022617271006155584,0.022788004039906194,0.06844798379294757,0.012250130760381653,0.0018198065845921362,0.06041696325203332,0.02432241275162324,0.0277113961426127,0.09557087800815321,0.01162237525642558,0.010628592448854871,-0.024561247509920604,0.010549062116359222,0.1028816464618423,0.2177863632200713,0.03919895654291558,0.016618867180768635,0.049041663928098736,-0.017026576169531044,,0.12478230712846496,-0.024516140886891444,0.14135080648881107,-0.027147646226010617,0.06501979715204094,-0.036929698766837195,0.09661189947308159,-0.035658646732404244,-0.04196775766624175
Visting Team G Double Play,-0.010128259872994398,-0.052103918456492836,-0.0531484079782739,0.03809475717329835,-0.010306407907901915,0.12353370189958836,-0.0011881769549643105,-0.022451464074523194,0.11436673221548156,-0.07195402659124439,0.023922352744948448,0.004099881697737539,0.024838487284126656,-0.015480514417140464,-0.012627092117545206,0.01785220170402828,0.17129552332850387,0.03486418380649324,-0.22600356349412656,-0.07212935675630372,-6.43516935576759e-05,1.0,-0.007262407374747623,-0.06831867083313092,0.04609074066731928,-0.011908947176673809,-0.011014928969414375,-0.014828130608671667,-0.0109113143166304,0.12692350555515963,0.044364603112970906,-0.012608694005253721,0.00980259288033675,0.037568373917825845,-0.02412789272138664,0.08780598135379804,0.009899304659367626,-0.00024544026258795017,-0.04101817902658484,-0.01664615556742669,-0.01258052775893509,0.02863859572723937,-0.0013835657837051405,-0.002660326627976723,0.017973875747598424,0.013782797304390531,0.04538062325564664,-0.02424272300022179,0.025340830310709345,0.03775970239572753,-0.004734413151246654,0.026769697613499704,0.02695426091255022,0.03393210756359593,0.03397315851129668,-0.02059165529965751,-0.0019077562784678764,0.11236064310749416,0.41621574564922514,0.0312258268024939,0.005779645499406838,0.9337943941984871,0.008228144698112403,,0.19561493382249806,-0.01935019204358456,0.22348198513638326,-0.023887940964116554,0.06956046220337725,-0.03641302802019873,0.12941455830908094,-0.03411026295663434,0.015826408300792925
Visting Team Awarded First on Interference,-0.007643521354129186,0.019280483547766302,0.018237440364343726,0.01363431860121407,-0.015412188286564954,0.048687577485666815,-0.030782552489825213,0.021965822775322802,-0.005049848791971221,-0.0059701550415552475,0.022294681082838136,-0.014706314208797283,0.0036944862294483343,-0.00010896585742415105,0.037429492627104224,-0.009506892672951186,0.03965397493581605,0.04055760881712971,0.05044123366922759,-0.00539290849443747,0.009731218680127683,-0.007262407374747623,1.0,0.03375210352910536,0.001222713919034753,-0.024235227410387822,-0.024186253447615765,-0.011123592483203392,-0.009415408555862299,0.045734396894642926,0.01879362003154493,0.061687707520154324,-0.021622614665979766,0.001062031747154821,-0.0018208926018230846,0.05260540592075268,0.012324888744904696,-0.030136323165720725,-0.004554141497082541,0.004854867544608558,-0.013611079626182635,0.026052676901781334,0.0008254369364923563,0.042195813245345645,-0.029158653990316506,-0.028508210829854115,0.01042694393489572,0.0007165354871224858,-0.006543486253199988,-0.0007136491732481506,-0.005162687284415842,0.04529673012546112,0.05494840609915834,-0.01200008631002071,-0.011785535125335245,0.01063685106938508,0.04197362284041872,0.04930507949596303,-0.032679703556499046,0.12214916304339216,-0.020562932940587027,0.016168189374572747,-0.0025760157858731804,,0.0028214519198829957,-0.01804816796426896,0.002453402031949293,-0.02049171794820581,-0.016718483331735586,-0.01946522874745001,-0.01085151239794118,-0.021048310040177088,0.004265258972776188
Visiting Team LOB,-0.03557784703267811,-0.016926298455636368,-0.01809115204980686,0.17261937024697593,-0.02544790660309866,0.29424652566215354,-0.008581448990003234,0.5401240712160273,0.46580914944121143,0.24701093904172336,0.048077472475317795,-0.06610437972658524,0.16224903133648583,0.11888002790110588,0.11615220804926844,0.2418818669162548,0.5469440735756078,0.24719284380563486,0.10437144467486735,0.17065198188925595,-0.004056910723872699,-0.06831867083313092,0.03375210352910536,1.0,0.15757399552419607,-0.04119960986970127,-0.04137642806444399,0.0644261736887362,-0.026586391953683723,0.30058391810370194,0.08071111930539492,0.08401970708611772,0.03284951171241168,0.035608971308652315,-0.04017169197629672,0.22681844630692086,0.024754963116620364,0.025641484616832418,-0.007790387027070955,-0.01437787967289084,-0.03215037012620443,-0.004777777866713992,-0.0037069478041551174,0.009055319265854244,0.05677391239084258,0.026547962768389426,0.12337769650088963,0.02227522979155413,0.060090502106640895,0.018692479237985903,0.013798888419935635,0.10234921516342846,0.46130769849060993,0.15267297691845455,0.14966106735143453,0.16973794060811506,0.04412828341591129,0.26966646129411825,-0.026106148246601398,0.2002930200371155,0.033970551763171035,-0.07776126706913929,-0.02143305166421777,,0.48835607545076926,-0.04856545112031959,0.5738486619879882,-0.03881413225921217,0.17376467778660332,-0.05471495690654016,0.32890116183482987,-0.05231875115556039,-0.0009555891746356386
Visting Team Pitchers Used,0.08225401350235485,0.10761055422007702,0.10937286164400636,0.2212539744541951,0.3032282520958107,0.43429158002701956,0.0111535634540535,0.3903870580751724,0.20797904665538355,0.0856584364590656,0.04462859302962744,0.10773617494743747,0.21673796424318548,0.07012514237799623,0.09677881757474024,0.08439826754085662,0.17730068002457877,0.11570637083412784,0.14773481291553467,0.06971713098918401,0.06295153241175827,0.04609074066731928,0.001222713919034753,0.15757399552419607,1.0,0.2993711854715397,0.2988418825962913,0.16816911302324677,0.024480153072074348,0.4188464644718248,0.12209001012484605,0.1050872911272792,0.07603051042957788,0.0625227579914851,0.0004611892225012641,0.5626454189604351,0.37550232907314407,0.2380959377886044,0.042504710344797116,0.10660195138330487,0.2960145227355366,0.005457730465707307,0.13062580698427667,0.08753212001971407,0.40564507521134113,0.21552078790136084,0.21172111662920506,0.08256688507123329,0.06406826859843882,0.04040382204177224,0.007743919737235868,0.4556962042223979,0.40869233770906743,0.21281218603905516,0.21077524007832038,0.13450990655771874,-0.002251067562863591,0.4270430755551298,0.15547685193353225,0.09357016575209519,0.047397390981816105,0.048930374132356104,-0.02503974828241718,,0.14357457176164845,0.3007687325165156,0.15834507229512942,0.3516522601674192,0.12211773550164289,0.19343909599966785,0.14282180461353053,0.26311015805436444,0.004782602581997282
