,Date,Visiting Team Game Number,Home Team Game Number,Visiting Team Score,Home Team Score,Length of Game in Outs,Attendance,Visting Team At-Bats,Visting Team Hits,Visting Team Doubles,Visting Team Triples,Visting Team Home-Runs,Visting Team RBI,Visiting Team Sac Hits,Visting Team Sac Flys,Visting Team HBP,Visting Team Walks,Visting Team Int Walks,Visting Team Strikeouts,Visting Team Stolen Bases,Visting Team Caught Stealing,Visting Team G Double Play,Visting Team Awarded First on Interference,Visiting Team LOB,Visting Team Pitchers Used,Visting Team Ind ER,Visting Team Team ER,Visting Team Wild Pitches,Visting Team Balks,Visting Team Put-outs,Visting Team Assists,Visting Team Errors,Visting Team Passed Balls,Visting Team Double Plays,Visting Team Triple Plays,Home Team At-Bats,Home Team Hits,Home Team Doubles,Home Team Triples,Home Team Home-Runs,Home Team RBI,Home Team Sac Hits,Home Team Sac Flys,Home Team HBP,Home Team Walks,Home Team Int Walks,Home Team Strikeouts,Home Team Stolen Bases,Home Team Caught Stealing,Home Team G Double Play,Home Team Awarded First on Interference,Home Team LOB,Home Team Pitchers Used,Home Team Ind ER,Home Team Team ER,Home Team Wild Pitches,Home Team Balks,Home Team Put-outs,Home Team Assists,Home Team Errors,Home Team Passed Balls,Home Team Double Plays,Home Team Triple Plays,Unnamed: 75,Visiting Team Batting Average,Home Team Batting Average,Visiting Team OBP,Home Team OBP,Visiting Team Slugging,Home Team Slugging,Visiting Team OPS,Home Team OPS,Win,wonPrev
Date,1.0,0.009890060039168579,0.009982560637061854,0.012487851679462805,0.0456406870509097,-0.02876993307628598,-0.12373459281087347,-0.0003647026307501356,-0.032961090461271526,-0.010239493071295359,0.05610804239983382,0.09879746993552628,0.017730756984980715,-0.08161007548729639,-0.000516221425533292,0.041514840863535914,0.04740145847575898,-0.0605217670537067,0.2036257251216314,-0.09978962576589774,-0.09256544334749772,-0.0757130903500605,0.029656669153103696,0.03618476345581229,0.1562441485818331,0.03369785206290035,0.032866295074429785,0.06429583789497638,-0.007344346185434561,-0.032662079843720264,-0.10069410295486567,0.04447880218563279,0.031392614995210844,-0.005113580696920352,,-0.02276433700452753,-0.02695330286142033,0.06507071250941242,0.06731872251798418,0.029758509128032247,0.040534706401002304,-0.08745750243624816,-0.011472100055518027,0.04993153824297836,0.06240122451868269,-0.04087598223427784,0.20208036764794263,-0.011404943616783713,-0.06612790839679208,-0.005083707799936463,0.04995275639728801,-0.011064719446839108,0.15804294084093876,0.008610579500240138,0.0066297672954239275,0.005374627464298663,-0.022954243194643204,-0.02147177282202428,-0.08650129900627514,0.012927337335943293,0.03448753067904959,-0.06744425229029354,0.014954245933532277,,-0.038633629078184975,-0.026497610449270556,-0.006538344699009745,0.008983334450878388,0.052952072851577624,0.030483382627574787,0.03368456491150923,0.024613530997353306,-0.07616525242296841,-0.07610703418739584
Visiting Team Game Number,0.009890060039168579,1.0,0.9993396231772658,0.031278142118843756,-1.1646145383368842e-05,-0.019490960469933268,0.07916135049131666,0.04409281453783713,0.06012242195110652,0.02588919281735656,-0.000630937479087262,0.06393874073645062,0.030519240917332845,-0.012158057724158159,0.01231561502292072,-0.026731281602137506,-0.00931358605120097,0.018262608667056507,0.04484006454012917,0.020928339373529666,-0.004187715017707266,-0.0196135949873891,0.022450569651374767,0.04286038250425035,0.021347368915876703,-0.0033029484443402256,-0.0027128466970736853,-0.05739349893796905,0.017452046094307505,-0.01432486344978236,0.018582942349049843,-0.005762581958221211,-0.03512795503524372,-0.010188458209614124,,0.017051873394173134,0.027650892323029665,-0.02209290517159002,0.013909417620416512,0.004245461442950418,0.0002950904620314012,-0.02840966046596351,-0.00683098530296087,0.04784880929176642,-0.03960274299749804,-0.0025433868288680266,0.022323340647218977,0.02670277459191559,-0.025075354220123077,-0.009172300358026011,-0.014204880343301612,0.016616504770165078,0.06303864633592839,0.04187974075556853,0.04147847081543502,0.049979214860674095,-0.007646782870060212,-0.02438563152190004,-0.07123263724547689,-6.843700765910696e-06,-0.008823899044864492,-0.020786234926453147,-0.050159928810957044,,0.06431662221288598,0.02858240071922247,0.04480541877174183,0.010595714410911809,0.07834691522120771,0.01113076241049502,0.07056570717728274,0.011681006191667086,-0.008532688011109938,-0.0013229761330797694
Home Team Game Number,0.009982560637061854,0.9993396231772658,1.0,0.03153249036851745,0.0013438679005252096,-0.018501995538052946,0.08199794348836631,0.045872680737322084,0.061741672399493776,0.026344942368220135,0.0022518881849606155,0.062287305079155725,0.031027790844789273,-0.010737359520752778,0.01256043518659756,-0.026944766891159808,-0.011386797784475041,0.018662630407153838,0.04491326659061736,0.02171352618962342,-0.003571246473108265,-0.021110319077130485,0.022427215421309203,0.0432013462848256,0.02287719295626561,-0.0019705877401680976,-0.0012615177972634356,-0.05962989945095985,0.017151174579719253,-0.013502429224183802,0.0176393446517694,-0.004177682419028482,-0.03406966694636525,-0.010056320365624238,,0.018306335618478848,0.0279753035583598,-0.02060156806412733,0.0151543439917378,0.003996598127960843,0.0014223276935582151,-0.02837840977842974,-0.007774091974239809,0.04740060690069044,-0.03704409309014316,-0.0010066518624455955,0.02495571374257695,0.02716127920904512,-0.025430298588759732,-0.009596225006793593,-0.01523320402258819,0.017840682193004307,0.06261209900504106,0.04213908634793874,0.04166391712059591,0.048764053143587914,-0.007628802246289986,-0.02326885224415148,-0.070140888830733,-0.0016461542396032473,-0.007674302242940984,-0.022657190208327425,-0.05075519411123708,,0.06574898822798815,0.028110687673242034,0.04499407978638582,0.011235456462532288,0.07852247890877298,0.011152339281049221,0.07075741230839847,0.011931639828121414,-0.011321319200963444,-0.002048313445914307
Visiting Team Score,0.012487851679462805,0.031278142118843756,0.03153249036851745,1.0,0.019818291778984764,0.22567585782538724,-0.013991207952978122,0.6607267803498732,0.7881133291596263,0.45885851391540067,0.1961469605053143,0.5527593045700467,0.9888534715287604,0.031411502430787684,0.2711953399855595,0.14202301454927008,0.4124703175129103,0.14430459499873521,-0.0329865397694514,0.188572354271589,-0.017119131816451964,-0.01392654716703717,-0.029859453652019138,0.28409718873851864,0.19620933496998463,0.025714231372981608,0.02704153505155676,0.019116890170900413,-0.008063007991148239,0.34466386231608265,0.1035920606786884,-0.0060896559354232625,0.006523590300986409,-0.0007639102934812871,,0.29079894613112267,0.061986131113471635,0.03868164018818796,-0.02223780494858093,0.04765799488373085,0.022807940340559364,-0.10263435109357301,0.013765118739095309,-0.0040875128813497525,-0.021394984255532816,-0.1011050863834576,0.11401131642866319,-0.0712333769443794,-0.10082193634996692,0.01632792506424325,0.020193614000222106,0.04864944267089449,0.3997287920498576,0.9710343799022908,0.9693395261913811,0.2319701228895103,0.008421821263858563,0.05688880804485809,0.01433205202767686,0.1855648865250099,0.09861099400676475,-0.03303119080479688,-0.0015579220650935347,,0.7433328786733188,-0.04516598897429192,0.7517657259401679,-0.0794351427139521,0.7926578530891222,-0.030713225807753403,0.8274806966007319,-0.050714510676882686,-0.04583962696807615,0.025391069574748185
Home Team Score,0.0456406870509097,-1.1646145383368842e-05,0.0013438679005252096,0.019818291778984764,1.0,-0.14789205366340435,0.014184997006532887,0.0379385544902538,0.015178919649988638,0.029727422638818404,0.04384575067741701,0.016616108931826874,0.02120868710250112,-0.08933503363892342,0.013254985339016095,-0.01691720692321718,-0.013291372879031512,-0.11527189690290586,0.047042936198842845,-0.06578661874509276,-0.09054063368532528,0.013098843075572504,-0.009561398198986876,-0.0017298935640766672,0.2602806930466985,0.9632163304723067,0.958753305404445,0.15550165310507752,0.04654074787889324,-0.268471878152172,-0.0655801724679447,0.2464682374765991,0.05245086209766917,-0.05598060820243485,,0.440039707891671,0.7689558637404263,0.4306497641515975,0.21012559438999537,0.565297352777508,0.9886192771162511,0.0393782386078789,0.20312019995939515,0.11409116111911694,0.2897260136808653,0.13730752381507455,-0.14241455528068162,0.13890056333263667,-0.02554512949464032,-0.04230275108407321,-0.035403369209872075,0.13617734237162518,0.09984953530205938,0.019952738035936165,0.019956645228980323,-0.008719194101874765,-0.042036711478476076,0.01643934640712667,-0.050332180782795666,-0.016535538422105714,-0.016047184277487407,-0.0012453842161608733,0.02387673071978341,,0.0031207949754413623,0.7618753250389655,-0.01277229641863183,0.7542686401810953,0.020736819389564724,0.8069390465842655,0.009306314450567416,0.8417185523095545,-0.029930466445145677,-0.0610897758929228
Length of Game in Outs,-0.02876993307628598,-0.019490960469933268,-0.018501995538052946,0.22567585782538724,-0.14789205366340435,1.0,-0.03428355749956211,0.6559350194153972,0.27560989695274885,0.15755460583927866,0.07757801718597758,0.11869798450187842,0.22480853523657626,0.20478863411426407,0.05945033402444738,0.07194702444440486,0.2486535416483823,0.28625927987403926,0.16460278780357318,0.15438102288286007,0.09984925572309412,0.052549041560723875,0.023162116878610906,0.2816344620037026,0.43263036709621516,-0.1272428089404454,-0.1258883435565413,0.04247363744402028,0.0014639030436677208,0.9710008529782929,0.3157068920454337,-0.048582237732927344,-0.0002859114750562909,0.11305389715834509,,0.6207457820674058,0.025952969797009718,-0.035631917310148795,-0.0062938414186913495,-0.08689002669507066,-0.14290729473684383,0.13657562703642862,-0.010197199273703673,-0.013160425242415055,0.11341017404981558,0.18447246578514206,0.3250134022380375,0.005647102760209651,-0.03270660663855583,0.08052353142518015,-0.0027672206249867186,0.24265159755726848,0.4065550811433782,0.21296272618198475,0.21320668675944685,0.07227082059542993,-0.001051272055865846,0.9534789432342133,0.3031786042272072,0.12324750363096822,0.08929978936980792,0.07571545520576253,-0.01240142743756279,,0.11177054699201001,-0.20048162249802823,0.14931589005319074,-0.18713417794463758,0.116587817434392,-0.22919365479303985,0.13644933468625073,-0.22909396619778405,-0.006564520133578338,0.032198260834305416
Attendance,-0.12373459281087347,0.07916135049131666,0.08199794348836631,-0.013991207952978122,0.014184997006532887,-0.03428355749956211,1.0,0.001415935492054801,0.04167053425316223,-0.0018523541713914415,0.05650717637284503,-0.006830982773214911,-0.01088587544755669,0.04433421849111752,0.01981908810676385,0.0103873022119211,-0.11004300734892289,0.025242323225892784,-0.03971509749278469,-0.008991332704645328,0.0017447205759855838,0.03296024206285855,-0.007069751259477958,-0.02495769487692579,-0.06010155562135092,0.03000152703532461,0.027853837065299782,-0.06212308975264464,-0.0051405394088009015,-0.033285843733661266,0.03115792372054725,-0.05465000154142349,-0.04773695533069385,0.040568505330002086,,-0.013697118565844739,0.031043192241074533,0.012924168861956626,0.02490017035623518,0.004010295595973437,0.01885053098852892,-0.0057001842983086335,0.004129646366887228,0.046200339810978555,-0.011359256530686966,0.018908884096350276,-0.09519947169597286,-0.03773063133580083,-0.04066293419861373,0.05886244726238416,-0.01772894715114856,-0.0011483194721073418,-0.029504546692257386,-0.002696594000004847,-0.00195702026816927,-0.061524635587288025,0.03605613322382338,-0.03269418668986172,0.027495399135970173,-0.031894135347487126,-0.01329958567040924,0.043726975358143634,-0.050765490495052336,,0.054742536463436624,0.03888532673627292,0.0007179602721215128,0.03367302900690492,0.029185267100684475,0.031220135370676978,0.020212866875379674,0.03421732887973049,0.0088831567206518,-0.004793006322158379
Visting Team At-Bats,-0.0003647026307501356,0.04409281453783713,0.045872680737322084,0.6607267803498732,0.0379385544902538,0.6559350194153972,0.001415935492054801,1.0,0.8221240055120534,0.43803124601537224,0.157066946271279,0.3299241763909727,0.6549822646315864,0.017064940904401846,0.061461554188778945,0.07153289412660911,0.23057455080436243,0.2371723841583184,0.11166333862552995,0.21676893527994898,-0.02237460397430004,-0.05195497300288193,0.014668167698632897,0.5948050583036378,0.3351075028226529,0.05201344242412472,0.05412340634644326,0.042403904978067584,-0.003716211716059429,0.6684989965023137,0.22237038574191978,-0.004763741950287903,0.02671324334352721,0.027838798092932996,,0.5322231086789981,0.13296309470032291,0.0405896741097188,-0.004786315123466005,0.05043714409298229,0.04505650094057407,0.0362207419414289,0.03287337295315312,-0.01454122631456871,0.0641309401444322,0.07779571450274582,0.17944598120058297,-0.02355516814108446,-0.10293376855794717,0.02127952949358646,0.0015675336799332506,0.1621484381489806,0.5221756735973083,0.6366274191484772,0.635699704101202,0.19110196408564065,-0.0004668142627303977,0.5855928849858189,0.12326816936665105,0.2362062891193296,0.09338044172968216,-0.06137954187440034,-0.01369218129856923,,0.6629949632546274,-0.04181041383320804,0.583768384570075,-0.06615763343875523,0.5681879835688172,-0.043919156767510584,0.6102287540077171,-0.05505580880968389,-0.04069393254639173,0.034713396092255835
Visting Team Hits,-0.032961090461271526,0.06012242195110652,0.061741672399493776,0.7881133291596263,0.015178919649988638,0.27560989695274885,0.04167053425316223,0.8221240055120534,1.0,0.510321756735468,0.17358125231542065,0.36431887568287574,0.7827818917432772,0.05768691369389824,0.20395433212046332,0.10535355348864725,0.23606088460843938,0.17095317691707576,-0.08478838021180889,0.18937007098702135,0.05658914618213764,0.13312399157456684,-0.019898189298167362,0.5597885103425821,0.1721014034791994,0.026969088247372583,0.027763785054964844,0.003577440696605801,-0.02383831247695513,0.3553528958790348,0.12402166834925457,-0.011217452210430521,0.02904150460724148,-0.022294187811212538,,0.29820972271801605,0.06913594350281274,0.016222029476282582,-0.02815556380281727,0.04898198316372527,0.02039921509693196,-0.07510320616043079,0.02813405748672554,-0.03397841611763803,-0.03223863047482044,-0.0594230595645866,0.07246033680932307,-0.051894894642726515,-0.10611143806241649,-0.003607369182127415,0.010198635078075533,0.04679259663883377,0.4203027396973624,0.7821081716763388,0.7811278788311498,0.19856067756422802,0.012895883357190639,0.15215942171120728,0.13496595406459178,0.1266364416678896,0.06629712692323175,0.12909549267484086,0.01793679255837844,,0.9631963193236974,-0.03559970817984541,0.8563623443283847,-0.08141780937727863,0.7844521556576217,-0.027968421003393956,0.861668978863413,-0.049526090773849445,-0.03261122828362536,0.020198767710308974
Visting Team Doubles,-0.010239493071295359,0.02588919281735656,0.026344942368220135,0.45885851391540067,0.029727422638818404,0.15755460583927866,-0.0018523541713914415,0.43803124601537224,0.510321756735468,1.0,0.03794291461028504,0.055088208732462084,0.4543346164543193,0.08254148946778317,0.12616725743780663,0.07133744450895768,0.1622967445618873,0.1376267442554097,-0.029672176067964007,0.04997054101555635,0.007741612980769004,-0.02744101884734116,0.007435903408967235,0.2900051615429981,0.12455060940427791,0.04681721801725059,0.04725833456066544,-0.005070168788599208,0.01774867639661827,0.20014998975626547,0.07525723728380658,0.01634599527690226,-0.0329264628379819,0.014023359917109582,,0.18241203668141603,0.06619178071119651,0.05352773366482243,-0.02562246523105782,0.05962007282361525,0.03549879453654614,-0.0837078185439195,0.029174450224841292,0.007291113730287665,0.013228251930822924,-0.037287679551796744,0.031164272273746817,-0.021539642235436765,-0.05795540692585104,0.017926485653659258,0.041595433725065585,0.051006157312977134,0.22835237804255665,0.4556810871428734,0.45496428668036126,0.11694561771142899,-0.024879476988344012,0.09075378112750451,0.08120426052419978,0.08068884917774083,0.03317197497285967,-0.028708877063341676,0.023640098716518447,,0.4852635891226119,0.006850781649681242,0.4477318928489089,-0.005278099575923398,0.494026509102174,0.024540078900535955,0.5078133961680203,0.015208498760203552,-0.02721921964433317,0.03405578334082454
Visting Team Triples,0.05610804239983382,-0.000630937479087262,0.0022518881849606155,0.1961469605053143,0.04384575067741701,0.07757801718597758,0.05650717637284503,0.157066946271279,0.17358125231542065,0.03794291461028504,1.0,0.013586220850915884,0.19858804884730208,-0.007668303815399856,0.10081320969084144,0.051951971932583794,0.05917037142875488,0.07637937627094352,-0.012891234603188723,0.056748444151865515,0.014809237454873683,-0.024555730534946633,-0.015255189584971731,0.06601932186308161,0.09944142281655637,0.04240171738247632,0.03999606493954464,-0.0072759868189626814,-0.003347394536842818,0.09546839967509511,-0.00449406882482501,0.021995234145377348,0.03727762516018939,-0.03919439443710914,,0.1210612915285046,0.053444592590039544,0.00429611194055469,0.019089965929498808,0.03396856308440695,0.043283510319459005,-0.02640338549329591,0.015459926324537998,0.00012727150496937814,0.026537840702657273,-0.01241290358180391,0.04731347033939918,0.03393600799818732,-0.0624435783464731,-0.022303379336369656,0.007088778658749141,0.060993801340678167,0.07758287831356248,0.19104963258221672,0.18816168682946136,0.03778369333207183,0.01746506532304323,0.048573650114494146,-0.003867584013422553,-0.0009213441042155327,-0.006522920308862578,-0.03362589327043588,-0.019584365007734163,,0.15887285319216424,0.01792377332665567,0.14756877867074333,0.018176995809085123,0.2332312371375386,0.017882080128757156,0.21546489209132125,0.019191156634664808,-0.04453282789213612,0.03011371334127998
Visting Team Home-Runs,0.09879746993552628,0.06393874073645062,0.062287305079155725,0.5527593045700467,0.016616108931826874,0.11869798450187842,-0.006830982773214911,0.3299241763909727,0.36431887568287574,0.055088208732462084,0.013586220850915884,1.0,0.5619672772184484,-0.06353506134456,-0.009963344625555313,0.0249055241961978,0.18112879055843675,0.04567148934544449,0.03303985336365609,0.02181671139230338,-0.02094052907184993,-0.019259468841460247,-0.03425619321072853,0.01285946792404637,0.1415255518373571,0.014640113418158917,0.016136028993704105,-0.0004730288135863842,0.023992932860746732,0.18780683487583966,0.029313113589764,0.003347690691238017,-0.016221499936683273,-0.02349023247672954,,0.16341059724421364,0.02396400518564205,0.011099196658913239,-0.003686818175110857,0.053903764705170366,0.013479113453375756,-0.03591081414902282,-0.034069669615979396,1.5221885877869896e-05,-0.04395419899324109,-0.059976567762335446,0.07931633182447559,-0.06018140046346759,-0.061793536692326616,-0.01572257505493096,0.006521967853664975,0.0006217213910351817,0.19055543687717535,0.5612647872036604,0.5629226903357438,0.06201139505291525,0.0044896147155908585,0.02169385371973322,-0.045700214855980435,-0.009797396016552492,0.007678956468689673,-0.02501104902105949,0.00822716744620144,,0.34109133468937136,-0.036969782137942185,0.34100982934610574,-0.0675305156255472,0.7740003347366875,-0.010083036890222144,0.6584639179508059,-0.031912091871994945,-0.04828754838155605,0.00015574197188285066
Visting Team RBI,0.017730756984980715,0.030519240917332845,0.031027790844789273,0.9888534715287604,0.02120868710250112,0.22480853523657626,-0.01088587544755669,0.6549822646315864,0.7827818917432772,0.4543346164543193,0.19858804884730208,0.5619672772184484,1.0,0.023609659878950376,0.27032872344712083,0.14493590674653642,0.40773745818872237,0.13928838424516804,-0.02151423183564986,0.1917242771328184,-0.018241062239666733,-0.0208214876828261,-0.03218967521217033,0.2808425706877254,0.1958779613128109,0.026455116651423177,0.027623736821585077,0.016148613589244583,-0.00907198566359246,0.3409270656299129,0.09421323693305744,-0.00021689592120562883,0.009151067308458393,-0.008434468945177164,,0.2890745873430064,0.058675689201339115,0.03675249529565053,-0.022154537921999472,0.04699024415232563,0.025311618353277394,-0.1040300925402972,0.024935660863689216,0.00601190631256337,-0.020852886578836,-0.09704339924857065,0.11366780593139619,-0.06860505759149468,-0.10676082583286503,0.01244485643845178,0.020735340824879437,0.05269518328313415,0.39490335172856267,0.9744630311926085,0.9730064036057233,0.2051955504219624,0.0016787129649359668,0.059711772750094455,0.0020191775895845236,0.13101925179138413,0.08412384631425786,-0.03843300261719747,0.0019006609690201343,,0.7386140949604505,-0.04849104139680439,0.7463916742494981,-0.08128664976818735,0.7960728223126946,-0.0335153337747831,0.8277689426840691,-0.05335472330645053,-0.04261071731607984,0.022300144981513045
Visiting Team Sac Hits,-0.08161007548729639,-0.012158057724158159,-0.010737359520752778,0.031411502430787684,-0.08933503363892342,0.20478863411426407,0.04433421849111752,0.017064940904401846,0.05768691369389824,0.08254148946778317,-0.007668303815399856,-0.06353506134456,0.023609659878950376,1.0,0.05186595127526043,0.025517060294333666,0.09419021468500689,0.18089252190084154,-0.032100234677702136,0.02220348594470417,0.039351501576678785,0.038544388557676605,-0.03675050234830955,0.09956896951081899,0.10240388703526586,-0.08589678668809574,-0.08582955111446042,-0.020467597232005027,0.011759632990786497,0.21016919406588644,0.1060009458528795,-0.031059399025093925,-0.0060531271353391905,0.06295492950594987,,0.09188243104690046,-0.037916338205032825,-0.0764771613886851,-0.02467633963293744,-0.06161727144708003,-0.09630234355210061,0.06459701538886636,-0.003995307737563116,-0.004695533964965385,0.027299698007310125,0.039710273613404366,0.04818336484776968,-0.03724526855937284,0.020860866063435807,0.07086895002380093,0.0023397150402786992,0.05682434305275735,0.072308555559672,0.012444993440465542,0.012799323555154927,-0.0004662751316484147,0.011930386924274337,0.18098879050190733,0.2030395149032101,0.08635666988277638,0.03183836212434901,0.061812999559942336,0.007904825033411157,,0.07742845543786557,-0.07824981091788358,0.10722339121046293,-0.06088309274923613,0.0195894615169996,-0.10790709257072528,0.05417477615431395,-0.09783706302489154,0.046516661499544115,-0.008688800708438558
Visting Team Sac Flys,-0.000516221425533292,0.01231561502292072,0.01256043518659756,0.2711953399855595,0.013254985339016095,0.05945033402444738,0.01981908810676385,0.061461554188778945,0.20395433212046332,0.12616725743780663,0.10081320969084144,-0.009963344625555313,0.27032872344712083,0.05186595127526043,1.0,0.05609937772004831,0.17506479667911592,0.029647644107793567,-0.08701510547138076,0.05965610547015547,-0.01898085700744369,-0.04516564998655879,-0.018760158444873613,0.1308562681277957,0.055641209642686505,0.02879668748907984,0.02652222507561335,-0.016025681387595598,-0.02643597339169632,0.09301108600000023,0.025012409369768066,-0.03607261608758204,-0.004276100700494542,-0.01162048040038377,,0.09676153824193155,0.03967575870921286,0.0014777705473729705,0.08162662288601719,0.007495492763973218,0.017143954119602824,-0.06017278853870875,0.013175945847259405,0.005844762577666862,0.017712929582373974,-0.032060188898028995,0.0485418753137028,-0.007145416208076427,-0.013907585805916164,-0.009717857192356192,0.013840306229490026,0.04826993303654709,0.12252452474838163,0.25763102131047316,0.258781235845843,0.09062481115330381,0.014492919725013027,0.012192807022454025,-0.045097177501611095,0.05324551855319405,0.052777778713565246,-0.038906200525401356,-0.0025240940453104864,,0.25226637868630647,0.005343963684883063,0.2349973142674203,0.00672842755867682,0.16899198540353122,0.009829267950853126,0.20484453440696912,0.009347413724424259,0.0019542559650426025,-0.006202590168462045
Visting Team HBP,0.041514840863535914,-0.026731281602137506,-0.026944766891159808,0.14202301454927008,-0.01691720692321718,0.07194702444440486,0.0103873022119211,0.07153289412660911,0.10535355348864725,0.07133744450895768,0.051951971932583794,0.0249055241961978,0.14493590674653642,0.025517060294333666,0.05609937772004831,1.0,0.10078452732388458,0.008132310704400892,0.005611538275123484,0.0678021784995533,0.06380269337792058,0.04994151087127647,-0.021278558044797044,0.26375197698586345,0.10188709698428339,-0.01683500683153953,-0.015155182880484097,0.0027865826145015006,0.011225213046998394,0.09418564759889667,0.006252976699642232,-0.004305943291838282,0.01213238533316826,-0.021594100829575847,,0.0861649153130062,0.026371483854882707,-0.00512746092641069,-0.019317780118269155,-0.010096376297160618,-0.016170349322154724,-0.02791042290422458,-0.00011857493139219282,0.03418172476661144,0.034636455456186536,0.02554026403836216,0.07291169540725186,-0.04445748103271623,-0.036710490493804274,0.00016171362901890108,0.034423468390411244,0.08654840361036503,0.12979547539197434,0.14087515898673397,0.13858861152684865,0.061226343692246436,0.049369743899989556,0.037927666077047485,0.03145564694210811,0.01129695850320609,0.007683535460339275,0.05815167240872964,0.007307787611344819,,0.1107101666367444,-0.000770593593321109,0.2679381268999885,0.0057776528442413195,0.09080288169544018,-0.018551126883176696,0.1639651016146235,-0.010838681716086606,-0.002076862314261949,-0.004517087109422019
Visting Team Walks,0.04740145847575898,-0.00931358605120097,-0.011386797784475041,0.4124703175129103,-0.013291372879031512,0.2486535416483823,-0.11004300734892289,0.23057455080436243,0.23606088460843938,0.1622967445618873,0.05917037142875488,0.18112879055843675,0.40773745818872237,0.09419021468500689,0.17506479667911592,0.10078452732388458,1.0,0.26482607472374176,0.030727353129501624,0.18721602712356997,0.010223984106662134,0.10045589676254196,0.021706730740808335,0.5935737774091646,0.19794850980344708,-0.025874488572953165,-0.026051938477738634,0.04971597141327096,0.011305466420489185,0.28945891266137014,0.07481674842810983,0.010259180766076813,-0.021474939387780837,0.02575244068040862,,0.21357673188311874,0.03151662093352225,-0.030144396037149294,-0.016934100493483623,0.04953860922885266,-0.01341789844452731,-0.020068853325909155,0.017394341075956714,0.012292997014765099,0.024228356433351618,-0.07481485781830238,0.16426831678361206,-0.01304673970479109,0.020991962474316266,0.010747099181529907,0.05381715078240455,0.07355748141646844,0.44631064854587527,0.40410017492626826,0.4044633328926718,0.23364840222635394,0.02783362075910679,0.1765406597366722,0.0343153907282498,0.05488881772633939,0.09874076836395301,0.0896648143567489,0.00820611227319748,,0.22038585554208162,-0.04016553817191123,0.5933085714382667,-0.042928409391848624,0.2498154768992036,-0.02629496685100669,0.3963749805937275,-0.034184671482277364,-0.0230238996580846,-0.022961969985094595
Visting Team Int Walks,-0.0605217670537067,0.018262608667056507,0.018662630407153838,0.14430459499873521,-0.11527189690290586,0.28625927987403926,0.025242323225892784,0.2371723841583184,0.17095317691707576,0.1376267442554097,0.07637937627094352,0.04567148934544449,0.13928838424516804,0.18089252190084154,0.029647644107793567,0.008132310704400892,0.26482607472374176,1.0,0.03607206759164457,0.11662629512660132,-0.0004956141003512419,0.022605548855395407,9.198893334246518e-05,0.26088087077484046,0.15194532916413447,-0.10991012686782259,-0.10906314315003234,-0.015293056696186887,0.08646728254503358,0.3018343410369902,0.170556414691788,0.007798730080880041,-0.04583488252283165,0.08359068321711831,,0.15595486509156162,-0.032546778347508305,-0.052761453243582376,-0.029930154607244085,-0.07415149389526589,-0.11542965617862329,0.007561413057376507,-0.021835146425188297,0.02614732623814014,0.0030979802679277644,0.017779940103351002,0.06641339585110366,-0.03738422483232948,0.011682756455539085,0.057701011899366585,0.030245492662738415,0.06894932315804433,0.19183732090222846,0.1387548328787858,0.1392774704510571,0.09828509410047673,0.034387395596574666,0.24283565762639636,0.11300051283584593,0.08726205103579532,0.015711922676155666,0.018112909823693756,0.009692288522171744,,0.13235192560162926,-0.09522758004582847,0.20355333305385215,-0.08987754978735837,0.11930125182776567,-0.12270004028290657,0.1589374859113358,-0.11885210619631158,-0.033998026187539575,0.005255909947135321
Visting Team Strikeouts,0.2036257251216314,0.04484006454012917,0.04491326659061736,-0.0329865397694514,0.047042936198842845,0.16460278780357318,-0.03971509749278469,0.11166333862552995,-0.08478838021180889,-0.029672176067964007,-0.012891234603188723,0.03303985336365609,-0.02151423183564986,-0.032100234677702136,-0.08701510547138076,0.005611538275123484,0.030727353129501624,0.03607206759164457,1.0,0.021095237856789923,-0.010099772182829364,-0.2616540794914165,0.02405677312303713,0.06088843785954794,0.12988113102127838,0.04455618460524368,0.0461611126823228,0.052367344108097534,0.016510903929187238,0.12753927209232685,0.024690025815257394,0.0037968275211980387,0.01316113184718735,-0.0191463327264241,,0.11299331092587754,0.0439260051830424,0.05043338762951943,0.010801849078447973,0.012283226911651107,0.049325381377572836,0.039563275426121924,0.04021468792539445,0.05941962131208759,0.09984813876484631,0.1051317151716021,0.06074663320893446,0.014843606768351518,-0.0003151247966112933,-0.009233990187363867,0.012541425521615636,0.09542830656409643,0.178760501224159,-0.032446477876803166,-0.033710176851176256,0.018037079240546983,-0.02274458773192241,0.19766114512188415,-0.38414908234943446,0.0010589618417503168,0.06373915311577724,-0.24885135154572371,-0.03450037820501214,,-0.1612361977461084,0.011555287204776478,-0.13056090079801205,0.045207980813748085,-0.08649051870111749,0.014047810981406323,-0.10875426397374198,0.02646405638719102,-0.02803637920086849,0.006386410859154206
Visting Team Stolen Bases,-0.09978962576589774,0.020928339373529666,0.02171352618962342,0.188572354271589,-0.06578661874509276,0.15438102288286007,-0.008991332704645328,0.21676893527994898,0.18937007098702135,0.04997054101555635,0.056748444151865515,0.02181671139230338,0.1917242771328184,0.02220348594470417,0.05965610547015547,0.0678021784995533,0.18721602712356997,0.11662629512660132,0.021095237856789923,1.0,0.01164742433845157,-0.03692394503471159,0.05830393866410687,0.21950018205079863,0.06100493316287061,-0.05520004059724521,-0.05440766809394466,0.003120817886941474,-0.004558816543637062,0.1766900335424031,0.057124407483495676,-0.043016903026027786,0.012148341567974993,-0.024012113611729263,,0.08669020959021041,-0.03277321997267068,-0.035060923716375966,-0.047384216066626884,-0.0005460919005861717,-0.05642103672748429,0.04299547801719143,0.0018103088868808305,0.014488437404071786,-0.016305613196150058,-0.013828162190557531,0.040122329660589554,-0.014716517910968814,-0.0047909043918648204,-0.016672281824979353,0.026576189169473453,0.027457628350957428,0.19524240927102202,0.17858577117421584,0.17850127833629437,0.05385205921240254,-0.004256866539630004,0.11342370577747685,0.01602595367245188,0.10670656645142475,0.006439865904732727,-0.04358238995704284,-0.020367668052222253,,0.1624698581002682,-0.07094712508775884,0.20521546766358695,-0.07630301740372852,0.09656759042440825,-0.06195725364205913,0.14404026008378082,-0.07139877378847258,0.01108231582299,-0.003247514144480702
Visting Team Caught Stealing,-0.09256544334749772,-0.004187715017707266,-0.003571246473108265,-0.017119131816451964,-0.09054063368532528,0.09984925572309412,0.0017447205759855838,-0.02237460397430004,0.05658914618213764,0.007741612980769004,0.014809237454873683,-0.02094052907184993,-0.018241062239666733,0.039351501576678785,-0.01898085700744369,0.06380269337792058,0.010223984106662134,-0.0004956141003512419,-0.010099772182829364,0.01164742433845157,1.0,-0.035115819009890456,-0.030678215066905497,-0.050392976461724734,0.04068728214227686,-0.08047649132778853,-0.08420735956796378,0.017114421659271843,-0.0047869274564315886,0.11473516701193315,0.032780378159316795,-0.02767118776908693,0.012032060124059229,0.03210453132936103,,0.02705327142191143,-0.042337676030521125,-0.05568543510376875,-0.03882858278722243,-0.06506233555351063,-0.08863575248648316,-0.010566618526058802,0.010239533312262707,0.015874502879344998,0.028373735821203373,0.013936988613999644,0.036958794070011715,0.03730950796645439,-0.0018706328130777172,0.05238586044202071,0.01717072660043218,0.05008907470571258,0.027830247978268708,-0.0196434352019911,-0.020946737895347657,-0.019745401378171882,-0.013906592807686179,0.07278288198575933,0.13531707251062433,0.048932431520348575,-0.029342681611184678,0.03638239819980208,-0.00028643050922406955,,0.09302816701554563,-0.06205455223961455,0.09611082648570904,-0.043090133683218027,0.047928057707187804,-0.09200075174012129,0.06930538076970667,-0.08016821980604114,0.043561288345776765,-0.0525935596957227
Visting Team G Double Play,-0.0757130903500605,-0.0196135949873891,-0.021110319077130485,-0.01392654716703717,0.013098843075572504,0.052549041560723875,0.03296024206285855,-0.05195497300288193,0.13312399157456684,-0.02744101884734116,-0.024555730534946633,-0.019259468841460247,-0.0208214876828261,0.038544388557676605,-0.04516564998655879,0.04994151087127647,0.10045589676254196,0.022605548855395407,-0.2616540794914165,-0.03692394503471159,-0.035115819009890456,1.0,0.0016514456434000484,-0.030005796955171474,-0.013583382750085549,0.005014962454490121,0.0036405747259728423,-0.011772213140917972,0.002979495869568339,0.04381025427189305,0.059066530138098226,0.012653776629141217,-0.04121644615688145,0.018110460482901984,,0.033311471720828614,0.010762043963591258,0.005117628361850868,-0.022747144274626863,0.009452966028875642,0.0080010381024549,-0.029254100508314118,0.004060044443890566,-0.030814473542292158,0.0006990111353555212,-0.00825703729321899,-0.019439158504159306,0.01870759484312521,0.020918394226770037,0.01566706636297527,0.0253946876615278,-0.017790194643042663,-0.009403873063640267,-0.010034824435289379,-0.009960135178934869,-0.0439596058535546,-0.005952753396747652,0.059201946155483846,0.4361458468471015,0.006420359705520062,0.005073214699959664,0.9227883174016871,-0.018826480334760927,,0.20172540877113365,-0.0010351996344133937,0.23052581043926335,-0.008372594688415282,0.08565141246702672,-0.0005941080339910386,0.14621260696254565,-0.0034980290852527894,-0.005887089426865566,0.0020339330855830336
Visting Team Awarded First on Interference,0.029656669153103696,0.022450569651374767,0.022427215421309203,-0.029859453652019138,-0.009561398198986876,0.023162116878610906,-0.007069751259477958,0.014668167698632897,-0.019898189298167362,0.007435903408967235,-0.015255189584971731,-0.03425619321072853,-0.03218967521217033,-0.03675050234830955,-0.018760158444873613,-0.021278558044797044,0.021706730740808335,9.198893334246518e-05,0.02405677312303713,0.05830393866410687,-0.030678215066905497,0.0016514456434000484,1.0,0.06923774219171903,-0.004758249393689457,-0.004286105055533322,-0.003934960817415109,0.002472306100077194,-0.014993138639271814,0.016756444020327856,-0.020811491042057765,0.006212827629935807,0.0036638800566339133,-0.039623371482366776,,0.020149844263623283,-0.002498962993028509,-0.0034986343299984513,-0.004702082605652572,-0.01821656489385308,-0.003749685842038822,0.008825523425422595,-0.013110057903243717,0.005801148932671213,0.013934050182014598,-0.004221494665087878,0.054944053085268285,-0.014213962523222651,0.02096444351285568,-0.025799455637229386,-0.005351287969649157,0.03562455733745455,0.035782214176731365,-0.044912539449740704,-0.04480723184772785,0.0038617371506230605,-0.015962353833597124,0.029314788196111136,-0.05359037037851237,0.16134076941725442,0.026096263521383844,-0.0035354922122295455,-0.004784688995215298,,-0.02982706701264934,-0.013932907085014476,-0.014854740889810323,-0.009445783819534943,-0.043611435655771226,-0.022570043357048118,-0.03544286249868922,-0.01925290351573799,0.037899538866697655,0.007356800712591413
Visiting Team LOB,0.03618476345581229,0.04286038250425035,0.0432013462848256,0.28409718873851864,-0.0017298935640766672,0.2816344620037026,-0.02495769487692579,0.5948050583036378,0.5597885103425821,0.2900051615429981,0.06601932186308161,0.01285946792404637,0.2808425706877254,0.09956896951081899,0.1308562681277957,0.26375197698586345,0.5935737774091646,0.26088087077484046,0.06088843785954794,0.21950018205079863,-0.050392976461724734,-0.030005796955171474,0.06923774219171903,1.0,0.17275041242853748,-0.002285913056526279,-0.0015202752932896098,0.024423498411945806,0.0006606388037404941,0.29059094852764,0.08224315750658913,0.0015262005932697531,0.012979530033174556,-0.021293035885269828,,0.23286812337176865,0.05653775580408024,-0.04164887405757735,-0.01753014796391935,0.051178806434757446,0.0038384769594222287,0.009546510860644229,0.026927376613400698,-0.008865715381417847,0.023832136058827537,-0.011509502551810666,0.10958060878504691,-0.019896490243882008,-0.03046987594434425,-0.026803831826054496,0.04385438049511102,0.09150185570129758,0.4876240247033374,0.2710308155583162,0.27095832538887915,0.23126871261481585,0.0381879127326829,0.2469407033887134,-0.0019016215352517301,0.17257722908831485,0.07679310975985194,-0.04497676288821148,-0.0009554478371536386,,0.49673415696745393,-0.015567680969202788,0.6597409282563653,-0.03007143625171577,0.28175585746783355,-0.01500613189393313,0.44346788252318153,-0.02156058824682779,-0.017169488504256505,-0.007547109166695429
Visting Team Pitchers Used,0.1562441485818331,0.021347368915876703,0.02287719295626561,0.19620933496998463,0.2602806930466985,0.43263036709621516,-0.06010155562135092,0.3351075028226529,0.1721014034791994,0.12455060940427791,0.09944142281655637,0.1415255518373571,0.1958779613128109,0.10240388703526586,0.055641209642686505,0.10188709698428339,0.19794850980344708,0.15194532916413447,0.12988113102127838,0.06100493316287061,0.04068728214227686,-0.013583382750085549,-0.004758249393689457,0.17275041242853748,1.0,0.25447899263207796,0.25487090270145374,0.1611996364917955,0.04037583669153118,0.40709923435111417,0.11204341636496629,0.11798945243070544,0.0715724488329355,0.025041513814951,,0.5318105297825914,0.336874495177721,0.1506157396062679,0.027263139079537847,0.11849106616974729,0.25634493868161945,0.0837410496403501,0.08382875660525782,0.09255275893476309,0.38470045635143035,0.15205202632869227,0.24088395720665093,0.13433659047715835,-0.0418825683698499,0.011044204104049415,0.011326986796656526,0.4594858938123738,0.359149814326634,0.1957614053493464,0.19556047163465703,0.06421698733011189,-0.010052999668513007,0.4288774814358243,0.11548693287964287,0.06152638785806708,0.05403673288414576,0.0006200351468691241,0.00047722032042267536,,0.11068648205641869,0.21527406190456694,0.1631080196864261,0.31797406831963587,0.16380929515604473,0.16363304530093967,0.17395398237712,0.23144664076537236,0.012690711724111767,-0.05916968011689692
