,Date,Visiting Team Game Number,Home Team Game Number,Visiting Team Score,Home Team Score,Length of Game in Outs,Attendance,Visting Team At-Bats,Visting Team Hits,Visting Team Doubles,Visting Team Triples,Visting Team Home-Runs,Visting Team RBI,Visiting Team Sac Hits,Visting Team Sac Flys,Visting Team HBP,Visting Team Walks,Visting Team Int Walks,Visting Team Strikeouts,Visting Team Stolen Bases,Visting Team Caught Stealing,Visting Team G Double Play,Visting Team Awarded First on Interference,Visiting Team LOB,Visting Team Pitchers Used,Visting Team Ind ER,Visting Team Team ER,Visting Team Wild Pitches,Visting Team Balks,Visting Team Put-outs,Visting Team Assists,Visting Team Errors,Visting Team Passed Balls,Visting Team Double Plays,Visting Team Triple Plays,Home Team At-Bats,Home Team Hits,Home Team Doubles,Home Team Triples,Home Team Home-Runs,Home Team RBI,Home Team Sac Hits,Home Team Sac Flys,Home Team HBP,Home Team Walks,Home Team Int Walks,Home Team Strikeouts,Home Team Stolen Bases,Home Team Caught Stealing,Home Team G Double Play,Home Team Awarded First on Interference,Home Team LOB,Home Team Pitchers Used,Home Team Ind ER,Home Team Team ER,Home Team Wild Pitches,Home Team Balks,Home Team Put-outs,Home Team Assists,Home Team Errors,Home Team Passed Balls,Home Team Double Plays,Home Team Triple Plays,Unnamed: 75,Visiting Team Batting Average,Home Team Batting Average,Visiting Team OBP,Home Team OBP,Visiting Team Slugging,Home Team Slugging,Visiting Team OPS,Home Team OPS,Win
Date,1.0,0.005647502836927323,0.005553871414140496,-0.01184386879662791,-0.002371274035821304,-0.006058897510210527,0.01674999519581114,-0.015525169099945444,-0.03648504361787684,-0.011601132047722007,0.03277975306793134,0.14904908574282424,-0.0035593439409846808,-0.06109981069059541,-0.032937120735550954,0.006550938674373487,-0.06871870924405515,-0.009451155021718153,0.2167754719476821,-0.06801861389787744,-0.06352541281774349,-0.03717462593471311,0.06586417100123322,-0.06855730106633562,0.08350498502669591,0.0066632325338863395,0.00504134636629413,0.04647274864433217,-0.03385736890660634,-0.0023878512866906893,-0.15684499886547804,-0.002529040346255397,0.019887754134776857,-0.03222893086363734,4.805757789283777e-05,9.024491275606367e-05,-0.03074418087887608,0.016868974140766255,-0.07032905525234236,0.07320408942729496,0.007941174617621224,-0.056159816501486604,-0.04783106230812667,-0.07035999361447984,-0.03979091458128142,-0.03747662374739785,0.1839670157234336,-0.03175782379428424,-0.06327229682684889,-0.032350482573585804,0.003961112153529836,-0.05825638443459628,0.06999079632034147,0.0036983912640494577,0.003960906402945055,0.01391225008633674,-0.019309412180301005,-0.00996614432216007,-0.14435697539613157,-0.029886061656377933,-0.004838124100266978,-0.03603056920057853,-0.030702814199343505,,-0.05464563911329254,-0.06265472534086657,-0.0559286682983325,-0.06696337408723242,0.07339667520836063,0.006379959896613691,0.029735321158858706,-0.02069386772753116,0.10492504964488329
Visiting Team Game Number,0.005647502836927323,1.0,0.9994152007245346,-0.04453722517845488,-0.01653139269773415,-0.005522653002587337,0.07752725202800627,0.004940969544590563,0.004083094378361909,-0.03288804049953292,0.02961095656129218,-0.017451707418273267,-0.048597608199338914,-0.019099950823751734,-0.014645011321946998,0.016816769177263116,-0.05106228503533669,-0.006999839032724809,0.031848188566215116,-0.0014124116914626635,-0.008225335325437176,-0.03366600603816822,-0.03001769170861882,0.026984899518495975,0.05413220474304201,-0.023465952280830586,-0.023910951500732216,-0.07757105590052688,-0.025633598912299074,-0.004153124801881538,-0.009296514567505715,0.022818317116621845,-0.034866570192844004,-0.028306313372354383,0.0007553502312417413,0.023684997068349024,0.03066095553631572,0.0041269033836263845,0.03295138468992516,-0.03194638157282779,-0.014147483980724228,0.01625135998492521,-0.014868835682171577,0.049926297399230095,-0.10141928104246928,0.0308330731321555,0.019019148871655726,0.04945464991091683,0.03702440705509451,-0.02259934583770766,0.006050127857275907,-0.005122061489435259,0.07855557638343168,-0.03885026446344378,-0.03976897253885021,-0.008049971978416,0.009275482674641063,-0.006753522399440479,-0.07672031253543533,-0.01280013425340003,-0.017179284266821252,-0.0297060926549028,-0.04424094808838018,,-0.005830955122999457,0.011126905518929257,-0.016497958842740416,-0.013319654067402532,-0.009891083439016403,0.00480785198629105,-0.012956313069342402,-0.0016844914209887603,0.03975218366834633
Home Team Game Number,0.005553871414140496,0.9994152007245346,1.0,-0.04513868865706084,-0.01823041525664609,-0.004635091820351406,0.08248946850346836,0.005067962068803591,0.0034406486067036506,-0.03265287891446254,0.03226153509080844,-0.018583548620059325,-0.049047602739405886,-0.018842559449257473,-0.014278003450139761,0.01688650387545108,-0.05126596861174796,-0.00721436514910593,0.03248570512696105,-0.0013096036782799959,-0.00883522887173346,-0.03568299635312261,-0.029486316353590208,0.027209370030145164,0.05456769212419082,-0.0250128374280745,-0.025412700805214978,-0.07937051940999298,-0.025017870605125486,-0.0031861220437611527,-0.009112491206878157,0.0222416732661317,-0.03657428970089794,-0.028354063566960033,0.0024430811096912523,0.023775529359121934,0.029857839933863463,0.0033483137196684007,0.03418272254997047,-0.033294934281300086,-0.015632135085162483,0.016914287876867988,-0.015972123936773042,0.05006082614332738,-0.10308911117709807,0.03291032529387936,0.019268699917879228,0.04984483283900206,0.03651601717664417,-0.02356179633640805,0.006477163024781783,-0.005455936589682455,0.0789480518668028,-0.03909558996527178,-0.040029932330826204,-0.00692662747825888,0.009813125354899374,-0.006021326488808258,-0.07821636423661735,-0.012067977984097453,-0.017487299133900194,-0.03150316092022519,-0.04428461768851629,,-0.006575588328862067,0.009976721557116267,-0.017417872641540388,-0.01510399274031758,-0.010524437481854604,0.0034779329954657957,-0.013735119520502704,-0.0032665897502133622,0.03861946437305206
Visiting Team Score,-0.01184386879662791,-0.04453722517845488,-0.04513868865706084,1.0,-0.04912298205324092,0.16923787612667401,-0.03651130421771411,0.6167302336070429,0.797771256029983,0.5166382789243331,0.18563948130037747,0.5673427877579166,0.989428872316989,0.05801359370135316,0.2388932543502726,0.1262567633009224,0.37305714909139037,0.1739237911485555,-0.1251572703095782,0.14056817104047103,-0.04980480564743005,0.018043623949249125,0.003539185220331336,0.22438633041198877,0.18954221212757322,-0.041942227844599146,-0.041786890072697175,-0.012255769018724577,0.02169369130251567,0.2997214302813892,0.07417727972634049,-0.04530278666730603,0.0017184688124072113,0.04515271368437141,0.04718204583269226,0.2326969435166895,0.019693543172514726,0.03696627857569966,-0.03459189412479743,-0.01750088549471925,-0.0443104787169159,-0.12341374578991245,-0.03569104621863816,0.004261750732435664,-0.014661570408732822,-0.11960084904881318,0.12520848094590306,-0.13134277084851886,-0.03847714576129515,0.054179890653577804,0.009377797775139848,0.05460334946131686,0.4158355156286649,0.968752654703488,0.9652430343141479,0.11254736987982118,0.05700852910248201,0.0036240436738323553,0.03224444730039116,0.22860596177836787,0.06950128929984353,0.0019834740899428525,-0.02713223010898684,,0.7819958589726985,-0.09394512886811818,0.7557494145988456,-0.09240288186850329,0.8055913867681096,-0.07681034389671351,0.8363284622341405,-0.08738564816895318,-0.002849930071238677
Home Team Score,-0.002371274035821304,-0.01653139269773415,-0.01823041525664609,-0.04912298205324092,1.0,-0.15905860660943655,0.045121151592423095,-0.020710329458925876,-0.05036430176615779,-0.002617437739509063,-0.06357477225854023,0.008857244895659866,-0.04916910829665957,-0.11736583339408402,-0.02185407298296756,-0.0036642162969457836,-0.08801294973398274,-0.11088822480108976,0.0746751891305634,-0.12703817873062523,-0.06720336881295547,-0.004625728861312401,-0.02927301772760268,-0.05864254568200767,0.23942937767532596,0.9662340368609803,0.9642390006527367,0.17898986642065945,0.03732594024517314,-0.27595203062321566,-0.02003946747542639,0.1868503784050752,0.04129149778503111,0.009463841261921626,-0.012467058295928035,0.38657844637728817,0.7581399815508094,0.4575743258751874,0.19720035028528007,0.5219609429413308,0.986643654691622,0.061668354760569935,0.27535658191451023,0.12469880953961046,0.33905093449972173,0.16654142342248435,-0.2250089159787065,0.18026257448917193,-0.02399885165900648,0.019024500866735433,-0.010206390699320413,0.13447519222717125,-0.008973134319046757,-0.04397718436660457,-0.044107649278383274,-0.0523943177394837,-0.06203424400696662,-0.010176109585624277,-0.042622643636314655,-0.043059980242105785,-0.05186263851131299,-0.006025386345029579,0.022002433049582222,,-0.08257301261639702,0.7866292884879393,-0.09261499603529226,0.7596995400546644,-0.03443370151731402,0.7980778987183806,-0.05820377570248421,0.8329120098202296,-0.006766750962656636
Length of Game in Outs,-0.006058897510210527,-0.005522653002587337,-0.004635091820351406,0.16923787612667401,-0.15905860660943655,1.0,-6.383369701808656e-05,0.7001167797362926,0.263710844782811,0.0750524396991616,0.04466997241030831,0.1292142030673173,0.17140126291303714,0.11841637335174594,0.10662695966879034,0.05385587631148468,0.20203906571322494,0.24793547886425937,0.21957832437942487,0.0833250966285849,0.03449268007706126,0.06673853452830689,0.004431453115867272,0.288323816543423,0.432590533305459,-0.15377336390074095,-0.1535022579021867,0.01173792924615235,0.013717331132342001,0.9730239768281997,0.2904609643418896,-0.02603399688232002,0.010329560352181496,0.10676062599833905,0.0022134395524476204,0.6589893983222433,0.01645046570051023,-0.05239257587666411,-0.024984443581203337,-0.06858140944805728,-0.1539586614183523,0.12724541013055238,-0.057059768783640594,0.04939193021147113,0.1250439949727136,0.20762349745277162,0.34656027762721653,0.011915543392678085,0.04799986382334874,0.08549522541909463,-0.010917556984967172,0.26142542572574734,0.4703693168036437,0.17903923105207042,0.18009972789605194,0.10376279858340656,0.004792501509896839,0.9622925907425088,0.3149545698986803,0.04001371715472179,0.022579923767652197,0.0798029207440905,-0.012559746451273158,,0.109264039488725,-0.19795209372866168,0.1081603901618898,-0.18376992129579356,0.08476909162419424,-0.2313871001228642,0.09866565183320604,-0.2278209612127995,-0.0033440552246127736
Attendance,0.01674999519581114,0.07752725202800627,0.08248946850346836,-0.03651130421771411,0.045121151592423095,-6.383369701808656e-05,1.0,-0.03543069466387394,-0.056481507279548725,-0.07367199171565922,0.026211521179135083,-0.004902170266331543,-0.03491348927854663,0.011014802480567465,0.006134267324062483,-0.0028283409615387904,-0.02502993717936653,-0.017667685563805078,-0.008759267819224478,-0.01787785060533279,-0.022285571946803508,-0.014250163952072981,0.005758056916840551,-0.043886350353049594,0.03297186188667526,0.04390071746643006,0.04427578449213147,-0.03194961605033771,0.015576603526652969,-0.00917091722109053,0.01948222715896569,-0.02741967454233351,-0.03068183000481178,0.03317861326618342,0.05905656884268317,-0.005463341134560614,0.023770081932516098,0.00017678416961972783,0.031387271895967135,0.02659055123558216,0.0398369134508181,0.0038505469491991085,0.04779868816730093,0.00044983028152488453,-0.017414963669456197,0.09723576435180947,0.0005289321739691894,-0.05279911028619479,-0.00805584714498096,0.024168863708830035,-0.015631691977400955,-0.05238108764580468,0.002063261968333367,-0.02853443283611132,-0.02770977606995291,-0.01968969966584678,-0.01799776962563727,0.010678504862717531,-0.04363598350346738,-0.03670708583135843,0.004993702277903553,-0.013399076752335926,-0.041758989053380234,,-0.051226303566088295,0.0375496282425177,-0.054268093496846734,0.016637268065122893,-0.04092224159309148,0.03823805355158204,-0.048395472736408665,0.032506158135304025,-0.09587729536061518
Visting Team At-Bats,-0.015525169099945444,0.004940969544590563,0.005067962068803591,0.6167302336070429,-0.020710329458925876,0.7001167797362926,-0.03543069466387394,1.0,0.8002766480702521,0.42621716793798436,0.14847151637823408,0.3673157174347105,0.61633477736838,0.03202036661884435,0.07200649801886534,0.06114945083643392,0.2005629277957164,0.2508878990526523,0.11590484342573087,0.12374049262276662,-0.06886792011530529,-0.029445056925745092,-0.018511150808446813,0.5682374195536071,0.38683662389883766,-0.0156074155332295,-0.015609320843975264,0.025753538273266003,0.03803929232844149,0.7228464420324188,0.2099380131178504,-0.028078145735167852,0.019613681643234068,0.08399895734040247,0.018129610395317384,0.5656888824665164,0.10042031614623197,0.030064699492839065,-0.025786717157916535,-0.0027469678455299346,-0.013780365973120975,0.023283453967604426,-0.01471163197385496,0.07872329214074414,0.12547578419322344,0.09051897375133075,0.25765062498171526,-0.030625879494603585,-0.011624421851318581,0.08810682758416528,-0.013053459611859561,0.23138581167379144,0.5817759343817743,0.6088160874723805,0.6072495458780356,0.1193888444754271,0.0447731587484854,0.6246489227793173,0.1607642321601832,0.19116533580830994,0.05267740355626445,-0.0371890627604907,-0.0222134269383726,,0.5980068870239723,-0.07454167419244939,0.5514795726686985,-0.06130854594629572,0.5673710753024527,-0.09873991654419101,0.5961721810737596,-0.09080978843035457,-0.0033623469858309104
Visting Team Hits,-0.03648504361787684,0.004083094378361909,0.0034406486067036506,0.797771256029983,-0.05036430176615779,0.263710844782811,-0.056481507279548725,0.8002766480702521,1.0,0.559048663377365,0.17640988521161935,0.4230745910433607,0.7956821367206613,0.09666341130327069,0.16229604264935887,0.07946479647096924,0.22945477649346194,0.21309200544489368,-0.11681515573063846,0.14332443319454197,0.02856586679576409,0.12987197936930878,-0.01722200023554914,0.5322102871944192,0.2150072256918847,-0.041087880692799165,-0.041510608891654775,-0.00539526504052836,0.028543299920665587,0.3606324664720501,0.08413744488668153,-0.05453647015352737,0.02610916732178163,0.054497221514500774,0.0318078685961249,0.27354773174744607,0.028414942204354327,0.014718921105948303,-0.038314596255611164,-0.03116574799276184,-0.042896532212576166,-0.07965417994155796,-0.02686766525496556,0.024521412679104397,0.030750571411618473,-0.06285091621285384,0.1445900400009303,-0.08656180763524049,-0.029528327615773866,0.07190306536268301,-0.015849267719298295,0.10024252762435239,0.4670181301849316,0.7940755930714665,0.7929010929901923,0.09875159156806386,0.06175100083562672,0.13110172508249354,0.13503010829262585,0.150008669941568,0.06330864284242481,0.12614813897566843,-0.012275746714903482,,0.9244327820457093,-0.07890559690453978,0.8567415718168718,-0.0697626549792927,0.8189771151424499,-0.08921808987994637,0.8831523745965898,-0.08743289360664241,0.010612531525284595
Visting Team Doubles,-0.011601132047722007,-0.03288804049953292,-0.03265287891446254,0.5166382789243331,-0.002617437739509063,0.0750524396991616,-0.07367199171565922,0.42621716793798436,0.559048663377365,1.0,0.02146143613617432,0.11756765962696279,0.5133094868271562,0.06269752639834003,0.09596237485644613,0.07399033464279174,0.15167647948278182,0.1550222276418288,-0.061348221473913875,0.038189717394881785,-0.018057432394569365,-0.00021617345211829826,-0.011857381420809162,0.27759608322949614,0.13805321926321287,-0.0009222718300142724,0.0001602210919985555,0.04502911579158005,0.029114469151689033,0.13806186586621466,0.04527288625361082,-0.027314762091086908,-0.019730449409945422,0.06572259473561483,0.05581887051897683,0.11709341185679613,0.030131565861581316,0.036436528641202975,-0.010337593880510093,0.014014564786602145,0.0011233116291206493,-0.051089912696782355,-0.019271390541807765,0.01384858081136629,0.06778411002939497,-0.03794572426037659,0.052046499518580425,-0.05184025841479201,-0.05505052042533561,0.08723633877575133,-0.012361457706932763,0.07664224860076187,0.2682768505308584,0.5209627803233967,0.5204253227601892,0.06761281473750035,0.04868226459731694,-0.0044573693460362,0.02583841659972859,0.09587134470000212,0.013327877535525785,-0.00018467176557335427,-0.014742777269998439,,0.5273645081172927,-0.00324896478693015,0.48780023378852333,0.01433918909162265,0.5579149800796868,-0.0037438199341167594,0.5659481483922844,0.0027974639942798395,0.0018537254673868966
Visting Team Triples,0.03277975306793134,0.02961095656129218,0.03226153509080844,0.18563948130037747,-0.06357477225854023,0.04466997241030831,0.026211521179135083,0.14847151637823408,0.17640988521161935,0.02146143613617432,1.0,0.017697693903129332,0.1878926464919503,-0.040510990048364066,0.07095299430110201,0.01186700678101589,0.011651400469863437,0.01735874477916715,-0.06155558922595547,0.02803933761728559,-0.038550133305908924,-0.02041853420450328,-0.019797758010823802,0.049623650853695404,0.05060692748308603,-0.06948613600256577,-0.07195839209394882,-0.014153006094097543,-0.027575788919831652,0.07926334104284653,-0.0050471091640154455,0.0019139342167957354,-0.010534512447787841,0.03471545279675031,-0.009888661683915442,0.03672990833771873,-0.02372499978599666,-0.04741276438273054,-0.04565635101998409,-0.06065414929338771,-0.06098664559622285,-0.04775614456808459,-0.023170017941928658,-0.014033297998857936,-0.0517388513080938,-0.026399091951562443,0.03994644163742498,0.0007296457542615097,-0.01547278452249439,0.023772316110667904,0.022007770931720884,-0.01167827180342505,0.04656864802280248,0.17888951615354184,0.17984204446006832,-0.023069153183836146,-0.009195389269879768,0.0007767313540760822,-0.017459261818393752,0.04771081579188354,0.006740116018736153,-0.021238916355926504,-0.009888661683915558,,0.14506824735479407,-0.06587334028770252,0.12816723947942107,-0.06955575835130781,0.2288145309235214,-0.08556344175673683,0.20534127000367766,-0.08484410026873762,0.04608643759175793
Visting Team Home-Runs,0.14904908574282424,-0.017451707418273267,-0.018583548620059325,0.5673427877579166,0.008857244895659866,0.1292142030673173,-0.004902170266331543,0.3673157174347105,0.4230745910433607,0.11756765962696279,0.017697693903129332,1.0,0.5825598589639153,-0.0513002775196096,-0.007334969896160887,0.006159784253894199,0.12204537397698598,0.05336436708805653,-0.010965990659252474,0.0029056804308512487,-0.05039926937502636,-0.013685114755145897,0.010578368879920152,-0.00045779186820494563,0.11938171317610684,0.020612215012920557,0.019636319391006383,-0.03352465185966893,0.0017146409921250725,0.1993073242971764,0.05762406756966943,-0.031840656785253586,0.011010892032496406,0.028411820345589534,-0.00082256562394533,0.16557622147265622,0.03093556604804389,0.042816932235554904,-0.045557476283798165,0.04914702468135221,0.014205528657235065,-0.07411366180062882,-0.024072840190189217,-0.025902038587346292,-0.02739459814883401,-0.0812232190298466,0.09145487864427901,-0.07635477774174691,-0.002818730516892173,0.0307372249374196,-0.0021808083340910172,-0.011565523011802763,0.20684106724509102,0.5772942586891459,0.5766804993929977,-0.0035710694006895302,-0.005002999571642481,0.037587207807545736,-0.018045965514954906,0.01593661489661127,0.00419720003386424,-0.029030437987145573,-0.02524772853905758,,0.36759425449094285,-0.05308519360913206,0.3600007530632166,-0.06183642332413554,0.7751471961788862,-0.010303357640360736,0.6680050654913929,-0.03023784382951669,0.02482664664717218
Visting Team RBI,-0.0035593439409846808,-0.048597608199338914,-0.049047602739405886,0.989428872316989,-0.04916910829665957,0.17140126291303714,-0.03491348927854663,0.61633477736838,0.7956821367206613,0.5133094868271562,0.1878926464919503,0.5825598589639153,1.0,0.050456355399012325,0.23526110488474175,0.12450277467020794,0.3679535577376547,0.1713689113751588,-0.12156392969663478,0.13047001434114752,-0.05241584217115042,0.012912208288620209,0.007161782848658634,0.22519361056553402,0.19364200966808554,-0.04094277162644446,-0.040885280388556836,-0.011447777589795571,0.020239050149374244,0.29909600504668005,0.07454133603695169,-0.04461147188503991,0.005797107977396872,0.04444223481371128,0.04187921736594784,0.23297018423368995,0.022141297498888428,0.0330043844029841,-0.03860125217959851,-0.01446334301637324,-0.04361995591453712,-0.11997545162496738,-0.03185955747410944,0.007116304443577897,-0.012016686235459689,-0.11752015452044105,0.12182267588354916,-0.1312817959727789,-0.03221120889766748,0.05279351568621102,0.011095820365070938,0.05975938665317071,0.4111567215996497,0.9720470479974133,0.9686139906687439,0.08463488747914923,0.04491695767632319,0.008925252990813284,0.025258908380189796,0.18256162588941285,0.05905603936393941,-0.0012369936816865068,-0.026213266240649114,,0.7778253137104927,-0.09030839220306677,0.7507375389094646,-0.08887987148886335,0.8122718050586974,-0.07529791883264679,0.839064191998708,-0.08502700453942111,-0.0011927766550163027
Visiting Team Sac Hits,-0.06109981069059541,-0.019099950823751734,-0.018842559449257473,0.05801359370135316,-0.11736583339408402,0.11841637335174594,0.011014802480567465,0.03202036661884435,0.09666341130327069,0.06269752639834003,-0.040510990048364066,-0.0513002775196096,0.050456355399012325,1.0,0.04388744537918207,0.03638716652566379,0.060177095196592485,0.11845817094990596,-0.0412460472497783,0.03200121909133799,0.0030693337631712532,-0.02368920673035155,-0.02169632965883513,0.13202039845724275,0.0869726617389402,-0.11591416760679439,-0.1156236881628051,-0.004105602779749416,-0.000631634989021928,0.141243830242573,0.04689601784469483,-0.008046636232568972,-0.0006960178535485018,0.02429634389598167,0.04957601308312037,0.04042304190026447,-0.059622977042975187,-0.041203149567404826,-0.01564984275770638,-0.07136921535587859,-0.11729258651512622,0.048564865466297166,-0.01820739665998258,0.0077832567054721535,-0.034350296595677905,0.04994467596716402,0.040317952940386016,-0.029821444056944826,0.04981016821465862,0.006661075347873146,-0.028731263200843283,0.020041517290211426,0.11136270217051461,0.05223582516170489,0.05364040521169525,0.024571733136538466,0.011443970544790297,0.08326956955625506,0.13105116818599252,0.052444310490127384,0.004578924057953157,-0.028767940222279256,0.0495760130831211,,0.17804640256758675,-0.08165260670345513,0.12512509874046837,-0.0841711822795276,0.03916800137957469,-0.09862446377109019,0.07356972589723688,-0.09929254807518113,0.001555520082340925
Visting Team Sac Flys,-0.032937120735550954,-0.014645011321946998,-0.014278003450139761,0.2388932543502726,-0.02185407298296756,0.10662695966879034,0.006134267324062483,0.07200649801886534,0.16229604264935887,0.09596237485644613,0.07095299430110201,-0.007334969896160887,0.23526110488474175,0.04388744537918207,1.0,0.07229711204606389,0.1442986713675944,0.040950075338247974,-0.10052638969312504,0.10885938989401205,0.005197492792146761,-0.03393517607108983,0.027671301281536848,0.10371520455401564,0.09784213742800105,-0.02111805514509066,-0.02324550307239041,0.02127535492666715,0.025023990115221644,0.14165445043896094,-0.0028342454513689973,0.0018449385191099718,0.02027190729165029,0.04899841758084674,-0.012604508164259938,0.10806263180159915,0.014838666773370679,-0.02409907402831883,0.05257890281584315,-0.020434041931882575,-0.026735932187838155,0.005587585554699214,-0.04838960398631724,-0.02018445416732415,0.015449298323129862,0.03134220393837251,0.11077582719308708,-0.024996273816405762,-0.003204055639543238,0.04592771254082075,0.006617446027002046,0.037824496820118916,0.11663903909452196,0.20368266840175173,0.20372574017378475,0.07627699487665404,0.007930254274155637,0.057914975589070654,0.0005954860602255722,0.18196649593953235,0.03651876417134434,-0.03819028689152706,-0.012604508164259797,,0.2689550296232181,-0.03257163961898463,0.1781141774392424,-0.028984937141938713,0.125171393529353,-0.03798177200908899,0.152543322561505,-0.03695427463380895,0.031920487909002496
Visting Team HBP,0.006550938674373487,0.016816769177263116,0.01688650387545108,0.1262567633009224,-0.0036642162969457836,0.05385587631148468,-0.0028283409615387904,0.06114945083643392,0.07946479647096924,0.07399033464279174,0.01186700678101589,0.006159784253894199,0.12450277467020794,0.03638716652566379,0.07229711204606389,1.0,0.04009956875930387,0.04325259884284621,-0.024606206567636433,0.043790909489368014,0.00637590797835336,0.022011474146128487,0.03410180351674239,0.2050594880432436,0.09169270892259658,-0.0034257034984643653,-0.0025111396723731805,-0.01607540432822858,0.03896180006406591,0.06691801445134767,-0.0017294343983864193,0.007301234621089571,-0.025423824086621333,0.02983813808937854,-0.014726785104487664,0.05825977389326041,0.025720510267108674,-0.004720602692002062,-0.01511641604235616,0.007858986968775981,-0.0010684237294141747,-0.0069455957043776445,0.007811198198974854,0.03282822633574312,-0.020146463902759093,0.00013465571248925893,0.051974052959022604,-0.006209344215314977,-0.011125117839134967,0.012779261413512653,0.041149477490783355,0.01563583314906095,0.1274006727438484,0.13057082173977502,0.13221355503013515,0.033175830743309376,-0.0014580690234940058,0.034710942629696234,-0.01401062983486145,-0.008765895998417227,0.0313574768519497,0.030233075069356546,0.02761999815051099,,0.1524741132976458,0.010895008454779772,0.20724785601397525,-0.0012523430230799838,0.05855382841829498,0.0005283051970731114,0.1175010608979598,-0.00010597682206862181,0.029662396904279253
Visting Team Walks,-0.06871870924405515,-0.05106228503533669,-0.05126596861174796,0.37305714909139037,-0.08801294973398274,0.20203906571322494,-0.02502993717936653,0.2005629277957164,0.22945477649346194,0.15167647948278182,0.011651400469863437,0.12204537397698598,0.3679535577376547,0.060177095196592485,0.1442986713675944,0.04009956875930387,1.0,0.2931951020221719,-0.027803892714228402,0.21646929405557283,-0.007372349004009758,0.13593356790727884,-0.007667123155965452,0.5790395531699876,0.14088201452067686,-0.08166745417779946,-0.08225799900798285,0.03083216944469497,0.022686283101455224,0.2507641095391949,0.025516490559628912,-0.02496063124337955,-0.012058021403612802,0.016780836925450272,-0.013599461198908178,0.14409785817968776,-0.02841041289857622,-0.00846708231903676,-0.005959066257383587,-0.039876071335678095,-0.08671098640584458,-0.013300757171797805,-0.047259780490544474,0.012078070616144698,0.041984609127595364,-0.030486606988875824,0.1401677297019773,-0.012145456841131835,0.05899629865937998,0.016047206141786778,0.04288449984021828,0.073695306823004,0.4082818863342453,0.3700916377253586,0.36999930223933,0.1412446172675929,0.009024910380473213,0.13054420596976307,0.07262862731574765,0.0665806161489879,0.025054022808563687,0.13935711950500881,-0.01359946119890857,,0.423841651784549,-0.08620819945408323,0.5919881270446349,-0.06657851877662063,0.20302694088453616,-0.08973520226487253,0.3602749516555131,-0.08659576597296516,0.02086476571489693
Visting Team Int Walks,-0.009451155021718153,-0.006999839032724809,-0.00721436514910593,0.1739237911485555,-0.11088822480108976,0.24793547886425937,-0.017667685563805078,0.2508878990526523,0.21309200544489368,0.1550222276418288,0.01735874477916715,0.05336436708805653,0.1713689113751588,0.11845817094990596,0.040950075338247974,0.04325259884284621,0.2931951020221719,1.0,-0.013996571251972864,0.08718682768048666,0.01203847511044175,0.030215831700559127,-0.020199507268030704,0.2951601651342986,0.15380168871709934,-0.10303020434090189,-0.10274327898338617,0.03151231740642301,0.03593988355758279,0.2772185488845341,0.07571129715733432,-0.019463443902965713,-0.018555482230634295,0.018894115594672793,-0.010089328975843246,0.1462149685797492,-0.046039866173412915,0.0038542979450759927,-0.02844554037836386,-0.044154148234650824,-0.10857051494418495,0.01893167821242503,-0.020501179166861415,0.038009727904262436,0.028950946033197686,0.07037326673911584,0.060077586068929184,-0.03942408762700348,0.050269228504923685,0.020001292115348148,-0.0025752242155259067,0.07902348128813495,0.23109824519326203,0.18661288102500953,0.18815504011778297,0.06926332223349503,0.051008949416652676,0.1961736470703795,0.10167318375328854,0.024309712384380216,-0.0010878217619718386,0.026483852753886913,-0.01008932897584301,,0.2733756579909652,-0.09614957843408246,0.25553563245160466,-0.08024569235981943,0.1444439351734014,-0.09729106925183939,0.1946461526725341,-0.09690619697687108,-0.0009897215855723203
Visting Team Strikeouts,0.2167754719476821,0.031848188566215116,0.03248570512696105,-0.1251572703095782,0.0746751891305634,0.21957832437942487,-0.008759267819224478,0.11590484342573087,-0.11681515573063846,-0.061348221473913875,-0.06155558922595547,-0.010965990659252474,-0.12156392969663478,-0.0412460472497783,-0.10052638969312504,-0.024606206567636433,-0.027803892714228402,-0.013996571251972864,1.0,-0.004805251865503943,-0.0035487886557222814,-0.22264011669208858,-0.013055543797477328,0.04600406620030953,0.1333295278611234,0.06936956816024735,0.06869523321748947,0.07626069165387438,-0.050218304512773544,0.16999064847093337,0.014520945305055113,0.06395382661304634,0.02279647779805844,-0.007428006029864742,0.00836727177042101,0.16688172552038197,0.05686205418650684,0.03694082397526761,0.03083237462367249,0.0465367795216363,0.07897960476148447,0.0641947685771175,0.03071301602834999,0.05773579509529362,0.10895838819078561,0.06948790350494342,0.07670898971183365,0.015175023532079954,-0.02696703473936829,-0.004145657074858006,-0.02292764019790206,0.10243023180702206,0.1450168504179066,-0.12073450413604872,-0.11996343916448785,0.05579682138706028,-0.055321788018923124,0.26278195015592876,-0.34561125385270247,-0.053756861536223756,0.04171219061883963,-0.2091175823393276,-0.05118595183666575,,-0.20550473590951643,0.030857984423662152,-0.1822149530404124,0.04195132526938502,-0.141025951885617,0.026293368349870703,-0.16499167417147337,0.03377846098995726,0.02742969926934317
Visting Team Stolen Bases,-0.06801861389787744,-0.0014124116914626635,-0.0013096036782799959,0.14056817104047103,-0.12703817873062523,0.0833250966285849,-0.01787785060533279,0.12374049262276662,0.14332443319454197,0.038189717394881785,0.02803933761728559,0.0029056804308512487,0.13047001434114752,0.03200121909133799,0.10885938989401205,0.043790909489368014,0.21646929405557283,0.08718682768048666,-0.004805251865503943,1.0,0.013738189880512914,-0.03829099352352795,0.07109996437139178,0.2127231720737649,0.04593639562544912,-0.11523346718641597,-0.1148072851189027,-0.01096541786599067,-0.007703128254826716,0.11959888916660716,-0.026198306808964764,-0.0238006190989838,0.0005222281422457425,-0.04909262535690002,-0.017266930911582747,0.018877971324278812,-0.09723950881164165,-0.089212430410285,-0.031103009862860354,-0.07602984466439383,-0.12026867651303261,0.01729583497129078,-0.02705069514167176,-0.006872782083554135,-0.10096960791583127,-0.030514767839149852,0.07265436954781015,-0.04765114679070348,-0.019845777272230608,-0.036134446476852496,0.022759738484156983,-0.03803924977758217,0.16016533568377422,0.12860249718146116,0.12882499556880603,0.014574190783085576,0.0011811266294072342,0.03476344107337916,-0.007744052040914449,0.12146023145918941,0.04997638382402677,-0.03600516404317648,-0.017266930911583427,,0.18225433535133573,-0.13915057515592102,0.20444591626024095,-0.15273556829647228,0.077126368546007,-0.13936463811313055,0.12925157135255264,-0.15296483948709785,-0.005822071477164343
Visting Team Caught Stealing,-0.06352541281774349,-0.008225335325437176,-0.00883522887173346,-0.04980480564743005,-0.06720336881295547,0.03449268007706126,-0.022285571946803508,-0.06886792011530529,0.02856586679576409,-0.018057432394569365,-0.038550133305908924,-0.05039926937502636,-0.05241584217115042,0.0030693337631712532,0.005197492792146761,0.00637590797835336,-0.007372349004009758,0.01203847511044175,-0.0035487886557222814,0.013738189880512914,1.0,-0.009304554101575501,-0.02599273485254666,-0.08441613138062981,-0.035997222658286865,-0.06471494109974382,-0.06459216069231669,-0.017220407632449097,0.02268234924398972,0.041541103421892135,0.04638028673096847,-0.020328650175734857,-0.009240538131673161,0.040393870394418586,-0.012982952971544516,-0.013577063090686596,-0.04411006517167603,-0.022042670465650702,0.001122423805113482,-0.04654166009157409,-0.06392499521475589,0.002572256952380373,-0.025047273171147157,-0.006213367103575173,5.641265582457725e-06,0.03403513614025429,-0.02776778027707244,0.009989508497786065,0.011645841363065384,0.045606011453643694,-0.01437986036336366,0.002186938186308993,9.099514085975105e-05,-0.04833509420328735,-0.04684085841530891,-0.008802956929671707,0.005727652741411038,0.023784359672401542,0.16713019703012766,0.009109409292545754,0.028020639259108054,0.05627520186357069,-0.012982952971544318,,0.06324324652290232,-0.04504817997181189,0.06951828866118098,-0.043697789571352424,0.004996344075356463,-0.06084572043415836,0.029325969317744005,-0.0581753407836621,0.025765921252416762
Visting Team G Double Play,-0.03717462593471311,-0.03366600603816822,-0.03568299635312261,0.018043623949249125,-0.004625728861312401,0.06673853452830689,-0.014250163952072981,-0.029445056925745092,0.12987197936930878,-0.00021617345211829826,-0.02041853420450328,-0.013685114755145897,0.012912208288620209,-0.02368920673035155,-0.03393517607108983,0.022011474146128487,0.13593356790727884,0.030215831700559127,-0.22264011669208858,-0.03829099352352795,-0.009304554101575501,1.0,0.028850695766623368,-0.04170988425056919,0.004276179021978338,-0.0022235333320617156,-0.002102663414769503,-0.02944291097800805,0.012751514057602841,0.058644832050914454,0.009538782461626578,-0.06023877980007971,0.0305372567697648,-0.012869950841251998,0.006732971445815686,0.04584648753281251,0.016510841390193307,0.013927595348425657,-0.000914633904859927,0.0032188629041049717,-0.004713409646014494,0.02398319288585307,-0.008304911958591168,-0.09185093429199828,0.03854420932579462,0.003027228008210777,0.0012650086274711536,0.03968711154040462,-0.008121793639357968,-0.012269982570665985,0.017850636854730064,0.025404044897825797,0.01099245901477825,0.020192000376776962,0.02127318760107744,-0.03930585567453209,-0.037694567087244134,0.0716423203551866,0.3955982323168852,0.008789998894855806,-0.020763856821335854,0.9179264986565701,-0.023976976684786044,,0.2034326987387097,0.0059327511965880375,0.22747572166347554,0.011634835492264562,0.0885639865234163,0.007892316683326845,0.14570526823841354,0.009780510297989799,-0.024420498132529743
Visting Team Awarded First on Interference,0.06586417100123322,-0.03001769170861882,-0.029486316353590208,0.003539185220331336,-0.02927301772760268,0.004431453115867272,0.005758056916840551,-0.018511150808446813,-0.01722200023554914,-0.011857381420809162,-0.019797758010823802,0.010578368879920152,0.007161782848658634,-0.02169632965883513,0.027671301281536848,0.03410180351674239,-0.007667123155965452,-0.020199507268030704,-0.013055543797477328,0.07109996437139178,-0.02599273485254666,0.028850695766623368,1.0,-0.01694918622778611,-0.04347768957010146,-0.028645438418480086,-0.02865547922985547,-0.031007681778283197,-0.008977103025916386,0.003973400555614721,-0.03300428734130939,-0.022702543868383485,-0.01363303213646959,-0.006071521920847471,-0.0013769370509292595,-0.024703571410075037,-0.03957142115246283,-0.020347167764488878,-0.02017568787612865,-0.012714502823388851,-0.03070526401174621,-0.022962335312502975,-0.0025892314149801223,-0.030160686981316794,-0.04559303245261581,-0.021187667068266563,0.07626262111182248,-0.007326856994606764,-0.02326078556399453,0.001760968857167224,-0.00365057292545566,-0.055442261861388335,0.039514842546706314,0.0006556882566038291,0.0008239886086957115,0.03704876352487964,0.07179179694075896,0.004663481443428895,-0.0467012236896801,0.04582213981454462,-0.0128548920646214,0.03331875159600897,-0.001376937050929258,,-0.014333860151935407,-0.045607238259874505,-0.009276036463774857,-0.05693632612604282,-0.007893270083047119,-0.03182499731179496,-0.008891123252412309,-0.043191454848265046,-0.028700412036430388
Visiting Team LOB,-0.06855730106633562,0.026984899518495975,0.027209370030145164,0.22438633041198877,-0.05864254568200767,0.288323816543423,-0.043886350353049594,0.5682374195536071,0.5322102871944192,0.27759608322949614,0.049623650853695404,-0.00045779186820494563,0.22519361056553402,0.13202039845724275,0.10371520455401564,0.2050594880432436,0.5790395531699876,0.2951601651342986,0.04600406620030953,0.2127231720737649,-0.08441613138062981,-0.04170988425056919,-0.01694918622778611,1.0,0.1935830974852711,-0.053154367719135336,-0.05422458059736402,0.04287702838867892,0.048095161106681245,0.3058478486875457,0.02795679268785083,-0.018792534891397,0.007422428667090531,0.027245021342418223,-0.028269392167065775,0.20721127639487,0.008080261907104485,-0.023305123451851286,-0.014768555475402557,-0.03848138244274614,-0.0542064429080003,0.01711328670203587,-0.019240104767232,0.0867027673481235,0.08370573097585113,0.03136075176306175,0.17472534164065034,0.018842263156526408,0.028747838479838715,0.03694035606403149,0.018808026455806898,0.1367497135271083,0.4808324016044542,0.223414842387033,0.2237919101468285,0.13170396966041395,0.03726095444331659,0.2476191718163195,0.014111837660021468,0.1515827055859249,0.04036774124899365,-0.04783064334711673,0.001435927238144131,,0.5653573562971099,-0.0425414204208667,0.6291532828543572,-0.02000016939283323,0.2639664335680924,-0.08009949536201696,0.41609134279509613,-0.06253087469482514,0.028241462602853547
Visting Team Pitchers Used,0.08350498502669591,0.05413220474304201,0.05456769212419082,0.18954221212757322,0.23942937767532596,0.432590533305459,0.03297186188667526,0.38683662389883766,0.2150072256918847,0.13805321926321287,0.05060692748308603,0.11938171317610684,0.19364200966808554,0.0869726617389402,0.09784213742800105,0.09169270892259658,0.14088201452067686,0.15380168871709934,0.1333295278611234,0.04593639562544912,-0.035997222658286865,0.004276179021978338,-0.04347768957010146,0.1935830974852711,1.0,0.23639635326577624,0.23629777198672822,0.09007538814089132,0.03150383543394594,0.41450670639839027,0.06437576736186902,0.07601748369654174,0.043894453037147035,0.02456361991216592,0.056098357626303316,0.5443093704732065,0.33608469932814,0.15536922878641377,0.08221978278972299,0.11029244309743255,0.2424428619018905,0.10901061123695797,0.05592810160902402,0.09571270855455684,0.3550744572812414,0.23597242714092295,0.19921002510906133,0.09547087057835323,0.023921558459823813,0.022210084663357835,-0.003831907647795457,0.4491150624810112,0.3691855761586979,0.20076758599775008,0.2012842553214837,0.06809478926578304,0.004187365641070777,0.4238415288906369,0.1380705632147384,0.03400284416104154,0.00024230277507127093,0.006282353754768541,0.0011702887526348947,,0.16314799714760617,0.26254657437412704,0.15506990032276985,0.3057681660731513,0.15500907951495707,0.17838327818254035,0.16451691139526495,0.23708764921664802,-0.040693634810321386
