,Date,Visiting Team Game Number,Home Team Game Number,Visiting Team Score,Home Team Score,Length of Game in Outs,Attendance,Visting Team At-Bats,Visting Team Hits,Visting Team Doubles,Visting Team Triples,Visting Team Home-Runs,Visting Team RBI,Visiting Team Sac Hits,Visting Team Sac Flys,Visting Team HBP,Visting Team Walks,Visting Team Int Walks,Visting Team Strikeouts,Visting Team Stolen Bases,Visting Team Caught Stealing,Visting Team G Double Play,Visting Team Awarded First on Interference,Visiting Team LOB,Visting Team Pitchers Used,Visting Team Ind ER,Visting Team Team ER,Visting Team Wild Pitches,Visting Team Balks,Visting Team Put-outs,Visting Team Assists,Visting Team Errors,Visting Team Passed Balls,Visting Team Double Plays,Visting Team Triple Plays,Home Team At-Bats,Home Team Hits,Home Team Doubles,Home Team Triples,Home Team Home-Runs,Home Team RBI,Home Team Sac Hits,Home Team Sac Flys,Home Team HBP,Home Team Walks,Home Team Int Walks,Home Team Strikeouts,Home Team Stolen Bases,Home Team Caught Stealing,Home Team G Double Play,Home Team Awarded First on Interference,Home Team LOB,Home Team Pitchers Used,Home Team Ind ER,Home Team Team ER,Home Team Wild Pitches,Home Team Balks,Home Team Put-outs,Home Team Assists,Home Team Errors,Home Team Passed Balls,Home Team Double Plays,Home Team Triple Plays,Unnamed: 75,Visiting Team Batting Average,Home Team Batting Average,Visiting Team OBP,Home Team OBP,Visiting Team Slugging,Home Team Slugging,Visiting Team OPS,Home Team OPS,Win,wonPrev
Date,1.0,0.0040140796683952335,0.004966161066624618,0.02476212129779509,0.007034302539894175,-0.011878675364958397,-0.18730179930650018,-0.022736538272397428,-0.026892943147587976,-0.01748148252336051,0.019361240070224894,0.09587795274740532,0.030053733651028595,-0.14127251436461086,0.00921639823958163,0.026087258992941755,-0.03807897018021338,-0.10937758669599555,0.09783962854475635,-0.057388435551049215,0.006573354233575578,-0.021199527728641775,-0.00030077723778250176,-0.09139288817437267,0.1264650151873839,0.009616950622459774,0.008991410065600934,0.0021970829901242364,-0.012713869131335834,-0.0021498245987779784,-0.12095223563133949,-0.01395375524664748,-0.01699056538092238,-0.04254188224822062,0.02883378015471188,0.02131481249444601,-0.008955442388441282,0.02660403057464149,0.007924741252031057,0.07643309324114628,0.010912585288558773,-0.11429989283751957,-0.017159024241176938,0.02019209656898706,-0.043076158922418124,-0.03605168935475197,0.1144933873286709,-0.032460949280358954,-0.0076571175472028305,-0.044060496238727556,-0.004150126521248257,-0.023573082676002294,0.12112891854365088,0.03817508706230078,0.038292090322316986,-0.0433808659375939,-0.02445203394484299,-0.02275698379752461,-0.07282455572134386,-0.07158096585489578,0.02017241516983333,-0.02769003525600916,0.030622032360994266,,-0.028948626298908247,-0.024309725613599183,-0.03637713500352548,-0.03681983448998745,0.03969446297816703,0.03583970116396239,0.013306036231853268,0.011461266348197528,-0.09668849768360423,-0.09523418092221946
Visiting Team Game Number,0.0040140796683952335,1.0,0.9993572507454214,0.012971563254801746,-0.00036895338287402143,-3.632319504445144e-05,0.08998169588721454,0.026091580166679,0.021812157075226123,-0.04976717038545085,0.0019509158199456558,0.015551853484900005,0.014653937644273776,0.03018033918289061,-0.004318475880852533,0.004894302570228103,-0.08140849697350815,0.011396970498200347,0.004176754445565193,-0.04070466632378618,-0.044392080090924484,-0.03015782562110155,-0.044996154214363135,-0.022095553797317556,0.041332430877567106,-0.007003399701324435,-0.009209726959467123,0.027691620032336443,0.00916599218536188,0.004193776871322678,0.020484581215995588,0.007141234370991338,0.005797839677644632,0.02253203108074481,0.008331952547462112,0.021194380958464834,0.022861945900775966,-0.03883998694914503,0.01022545938203168,0.0470866436388139,0.002935315640226153,0.001703457600636009,-0.03286910462235383,0.02728387884402398,-0.03576548739830038,0.023518660011513336,0.0028642979307225793,-0.02018477532277688,-0.0142678118738397,0.026806978745615943,-0.009247541706058458,0.002278093335359283,0.048685902451716924,0.013508172831876043,0.013832700163371882,-0.009955217859995208,-0.019220092445996248,-0.005221420908101386,0.0034621547615619184,0.011228633973290714,0.034217007936762175,-0.04318339950604192,0.014328888839027788,,0.016149096793006964,0.022959021087712462,-0.022987940998045776,0.008286256845016372,0.0033247327632982162,0.03377251717793418,-0.006430440161693764,0.026584499532680134,-0.024123320387167958,-0.027485088709016822
Home Team Game Number,0.004966161066624618,0.9993572507454214,1.0,0.01198327830153379,-0.00165972266703788,0.001577494834043785,0.08660547661096904,0.027073956872856176,0.02146948213362435,-0.04856627861772818,0.0005336919767039603,0.01597347489484973,0.013815983969037889,0.0306543649601083,-0.004316724367699287,0.004306119294380845,-0.0828174579792243,0.011652816414551449,0.006092356703986809,-0.040213907961485024,-0.04638319628931029,-0.032885284012625506,-0.04583007613533845,-0.021793638315309425,0.0412731056668757,-0.008026041854653346,-0.01023908251287392,0.025414357217322492,0.010103124941544687,0.0055904721546239135,0.018251094368946334,0.006517857327033126,0.007406931348498357,0.02068784411505996,0.008720872263386187,0.02172611734873017,0.021819765531344706,-0.03978096446982459,0.010942403327890683,0.046847459067234615,0.0016784438487366998,0.001708827617381885,-0.03305664923960319,0.02811060807536224,-0.0370155097348426,0.025351598180849026,0.006082763730567057,-0.017457786350211456,-0.01466606321039085,0.024550309706515547,-0.007664727645645371,0.0024696752889915036,0.049067273956128116,0.012234854551908063,0.012505446993308625,-0.009118237111226828,-0.020098773974696234,-0.0034845410385209966,0.00293529583383008,0.01128830452819805,0.03586557193343472,-0.04590148016257306,0.014889740270907642,,0.01539549546218301,0.02146628742764504,-0.0243879613642644,0.006414777623035641,0.0030469189874270846,0.032734318409855155,-0.0071496096868282144,0.025173551639786348,-0.024125169047689556,-0.02675032009653787
Visiting Team Score,0.02476212129779509,0.012971563254801746,0.01198327830153379,1.0,-0.0005816609245905376,0.2224697189073047,-0.03448099442356696,0.6695188227281407,0.8039845565284517,0.47979094429214664,0.1730374465324837,0.5386838386060269,0.9899533870602724,0.07738689757831924,0.2742638888131175,0.07894591777934365,0.3636532623321865,0.2605919722189953,-0.11518361440576315,0.21317758332116432,-0.008815794062560866,0.02265938998935218,0.05407930964870841,0.2726111926209054,0.24289854579931103,-0.011251061172972178,-0.012926839726440036,0.04499300511247573,0.004441049047650733,0.3554163663997265,0.08201134447916283,0.0026701344917975083,0.04594448032552001,-0.005276881194760807,-0.00486106154145698,0.2930328410992625,0.04616331186951802,0.03159199219747956,-0.009969214219762192,0.016759382493370972,0.0041349596530491995,-0.07199878694004819,0.0072423962219200855,0.01294321487650399,-0.00566572192736669,-0.1422513307590722,0.10861929264189779,-0.1152857512899682,-0.03458577766862678,0.010053627093998483,-0.018654071646113133,0.08591952398448574,0.44153684677890753,0.969376364407399,0.967549419920939,0.19063396316513062,0.07682806589593526,0.0396606884654977,0.03191925404049016,0.2111137842381258,0.07091700688946843,0.026739835151056934,0.02156157371460674,,0.7702702508960477,-0.06179335570215581,0.7690323287097466,-0.08418839140108247,0.7983179800761174,-0.05445010351110678,0.8353871689199743,-0.06887141102026734,-0.014017098985177468,0.03047611351120149
Home Team Score,0.007034302539894175,-0.00036895338287402143,-0.00165972266703788,-0.0005816609245905376,1.0,-0.14929714531067503,0.061465844266038426,0.05262191840033504,0.023392205416788707,0.024365746721481087,-0.01652364417641978,-0.006832224597933054,0.003145313147348184,-0.07706593550655988,-0.005655892144065009,0.006635206096578619,-0.04244466114345465,-0.07904893498333632,0.06197848392859555,-0.05402064806785217,-0.0718981599843985,0.005592358310066453,0.027271474043355153,0.03442156067584091,0.3105362526429964,0.9655469681832771,0.9619203680842209,0.152389871655715,0.017304219697217807,-0.27292536349003066,-0.03217857074135137,0.21491932297730587,0.05943118006409809,-0.04543216332035748,-0.02047821877623765,0.44495839815307775,0.7657209396467998,0.4022938883832808,0.27842598536777663,0.542563173748349,0.9888450835431658,0.04993354916667735,0.31698431127904825,0.12924812737222874,0.3391546331143507,0.16885965086175875,-0.14392112364003495,0.12139515397406084,0.005964519578534892,-0.046143930519733166,-0.028616657770867634,0.14811902741296926,0.06955552797709932,-0.0028560899789205666,-0.0036847177757444462,-0.00940758275302091,-0.016879879390988985,0.015587711236852044,-0.03703216686642463,0.0352193344640399,-0.023987434862254332,-0.000663451993453851,0.0024009523697409905,,0.005506932145399726,0.7539224114721516,-0.01820311433586647,0.7571422069493928,-0.007009204660100563,0.8027995497444391,-0.011667301486508509,0.8376448793360501,0.02836657809707214,-0.018241790534670413
Length of Game in Outs,-0.011878675364958397,-3.632319504445144e-05,0.001577494834043785,0.2224697189073047,-0.14929714531067503,1.0,-0.036924714240317354,0.6488392331524374,0.28836735976124067,0.11104588936159512,0.04566237299017123,0.15206392667017382,0.21916206144729022,0.18389812867628247,0.09625144475839792,0.0394259639789144,0.1866544875460686,0.25301960108738086,0.19693337178478212,0.09381487475875597,0.11744126459373594,0.05575141812483401,0.10001328251204043,0.24921936676631085,0.3836318995316469,-0.14449603612937706,-0.14367529348849795,0.028169665627442664,0.06127668832861187,0.9676501258509732,0.2841104766169153,-0.006520453390354171,0.04283719968506644,0.09073222748392375,0.005093898228721089,0.6108844363448407,0.01565672641525792,-0.018126470072386627,-0.03500979766495239,-0.08168016689787136,-0.1451633963720438,0.1549875655370962,-0.019255235813565405,0.0460739620436864,0.10216843946007416,0.1298076943820416,0.3497090604776127,-0.016926863837404205,0.03937851094292076,0.07586553353370308,-0.004884270124083961,0.25699430724249533,0.42180384361222956,0.20370964178609735,0.20332711763380967,0.055312739634196986,0.07125388982624266,0.9509166395201417,0.27827092683014476,0.09367599293663026,0.03505713500502659,0.09089946687710418,0.0036006911392443687,,0.13006398710426162,-0.20857510034449123,0.13412457418669044,-0.1985004819793326,0.12817390744002338,-0.22792026377128768,0.13815609112485855,-0.23176950113026826,-0.029797156492451533,0.00019216105613192983
Attendance,-0.18730179930650018,0.08998169588721454,0.08660547661096904,-0.03448099442356696,0.061465844266038426,-0.036924714240317354,1.0,-0.029270726061330413,-0.019128341874648704,-0.02483784637695031,0.03205509152302202,0.009973701443114274,-0.025900904576927238,0.05110040010588166,-0.04732914789855179,-0.025652277602081948,-0.07707920753191341,-0.05721939306638834,-0.025965826380577598,0.04056139318247163,0.02006456277865535,-0.008741580777495829,0.04616434081104807,-0.056740857681289565,-0.005227127329686637,0.06873405207552616,0.06717026161215443,-0.017402229995417125,0.03159931165216683,-0.04960738939558981,0.03157805047851375,0.046498838577398775,0.026276559922691328,0.03824306045914608,0.02410401866167035,0.019970075650728666,0.08537463618089312,-0.021321794790558894,0.039289593127289295,0.09432372474035164,0.05570893510623452,0.024149508724880843,0.045239650463009436,-0.01303011535470134,0.016147400233431725,0.046604373153041,-0.07340242425532655,-0.022858842083088925,-0.01668041564891408,0.03746070697551911,0.0008092433966947434,0.0324905064502716,-0.05204334474764703,-0.024059187479698867,-0.024445302933565644,-0.07992778613828716,-0.025455998186478982,-0.018091616335143546,0.033050810197804675,-0.026066181764074003,0.026110411849537305,-0.01742667719413948,-0.03850636896751666,,-0.012934713292173721,0.10433665208552166,-0.041490060848180486,0.09411857175220868,0.003910170744171577,0.11302164072993703,-0.013031687737954436,0.11334607421920131,0.024188057727099414,0.02242754322494539
Visting Team At-Bats,-0.022736538272397428,0.026091580166679,0.027073956872856176,0.6695188227281407,0.05262191840033504,0.6488392331524374,-0.029270726061330413,1.0,0.8422479702603131,0.42614754127460275,0.11112043299595842,0.36197628682780575,0.6661777186715827,0.044017631747124586,0.09688661642955086,0.018676658287293084,0.16944940065899983,0.2755202687254186,0.07465949503704446,0.1664692745238099,-0.01628695362643427,-0.012190888847655054,0.07313634203476066,0.5893458938311614,0.36109696844792344,0.046416288481442886,0.04619588512867256,0.04390945770928275,0.012656905831275177,0.6656524630386472,0.20522340360487237,0.0063394666981080455,0.05984879905983443,0.048939240848648646,-0.017141858972978232,0.5443106549901472,0.1429868722365711,0.04348489578872573,0.022469757326368835,0.04316453550066247,0.0560051805707072,0.03646805636321483,0.025685139085518758,0.04069380488128326,0.10496801592342822,0.043628176598273935,0.20766106747431626,-0.04636311405925921,-0.002381515806264693,0.04819165901892907,-0.0463387165762662,0.21093651866395266,0.5504286450407843,0.6385919209585553,0.6373626783926166,0.13199092562641743,0.079792309851871,0.5706255941058297,0.140980582598647,0.24881269830932506,0.029607335873249863,-0.0022266906869870973,-0.017918262385350416,,0.6984422289588659,-0.031202466989101223,0.6052384091182879,-0.03577279043170289,0.5982503286707264,-0.03629577799389224,0.6369772184279081,-0.03843717692050773,-0.015862691759357977,0.010288129323826051
Visting Team Hits,-0.026892943147587976,0.021812157075226123,0.02146948213362435,0.8039845565284517,0.023392205416788707,0.28836735976124067,-0.019128341874648704,0.8422479702603131,1.0,0.5103010872189034,0.14974616476140543,0.3953306578250833,0.8016691100553163,0.0902786391234087,0.227165790422019,0.020732398847663362,0.1912419049967115,0.24463648028936616,-0.12955913014820528,0.19490082705478554,0.04874045281584739,0.15203864807270853,0.06223052165726756,0.555280044034917,0.24471792124971892,0.015337673172513753,0.013845946883677107,0.032414964203910275,-0.027282447891564757,0.3769229029647385,0.10542332048201589,-0.0018871361734921386,0.05491654179084214,-0.002023249265334432,-0.014981360460793394,0.31737510452568946,0.06687293122496149,0.015032488619490386,0.007578306039953252,0.028655186427068453,0.02666138952833147,-0.054255600430833384,0.0026243960540385147,0.0203685391229237,0.03981627379101296,-0.07049950334362169,0.09992200751038674,-0.05671684681131443,-0.030421960538222992,0.0063273165777686675,-0.056674122938146866,0.11023437248286695,0.4645560768019576,0.7943457038056095,0.7933907329630333,0.15225543938195935,0.05576429686515045,0.15415595214566394,0.14406524876333932,0.17269569002904642,0.034960492274571944,0.17011085836834666,-0.007178636377567772,,0.9660049477669304,-0.04172526826817543,0.8614669281569649,-0.049490017673351296,0.8057163860873349,-0.03977719618834112,0.8754062180740144,-0.04590128428097222,-0.01802027882589342,0.027228118308787158
Visting Team Doubles,-0.01748148252336051,-0.04976717038545085,-0.04856627861772818,0.47979094429214664,0.024365746721481087,0.11104588936159512,-0.02483784637695031,0.42614754127460275,0.5103010872189034,1.0,0.0227176343359168,0.09001033091370736,0.47714559506528276,0.0462867677629821,0.1283427411215784,0.006132871695344566,0.16263021015692547,0.22720950916912652,-0.07834445576794678,0.07587618447664708,-0.04543651010661669,0.012168878145332697,0.03484888697182675,0.28537930303837566,0.15350021317232473,0.01716872349757555,0.015912832627197598,0.022661655575849635,0.007489976463525223,0.1700336719376118,0.057608166884760004,0.05773060854117408,-0.0018440477013601695,-0.018687134869874264,-0.019849204229907474,0.16493034164843975,0.04420439490118209,0.03083421314360286,-0.012197359365451707,0.02874020151249514,0.02141431442624225,-0.06069448302888995,0.02310577351170614,0.007530432463186877,0.019329945690636296,-0.03956890922424562,0.0631567426532465,-0.0007819512810959406,-0.014111322608662356,-0.02667840748833862,0.02881978183097922,0.06805993216098666,0.23970297053139578,0.47860425672781204,0.47810581814684877,0.09179713642043448,-0.004299452275562448,0.028839347782381595,0.044230526010293314,0.11018744616714668,0.053326927752515144,0.02796376760097357,0.005301364722579431,,0.4971784046232579,-0.016032749764518187,0.4666508414739424,-0.02524893072038942,0.5220884456371904,-0.005790312933193332,0.5326022364121046,-0.013308308367649076,0.00664408910643715,0.0027460159159226516
Visting Team Triples,0.019361240070224894,0.0019509158199456558,0.0005336919767039603,0.1730374465324837,-0.01652364417641978,0.04566237299017123,0.03205509152302202,0.11112043299595842,0.14974616476140543,0.0227176343359168,1.0,-0.004533140337328919,0.17413948476232946,0.002817280955102653,0.11441726189085798,0.021496979840884677,0.041516604424110676,0.05575257598350965,-0.0418879200045954,0.04487248120247008,0.02854255186090042,-0.02936280733014485,0.021726187513341027,0.033766951811825326,0.02629960555130174,-0.027625558841618415,-0.02966384496634174,0.026437770648507813,-0.002198231474914124,0.07084636308878156,0.016437610494758424,-0.010609364510722153,-0.008914380767891536,-0.013550881911702669,-0.016684022488981192,0.06245700430508719,0.005021785310316468,0.022910825102181537,0.01126587460806285,-0.03782431275996983,-0.016389534013600122,-0.013986743572640573,0.01929202975151027,1.4168731632951616e-05,-0.03749196169278306,-0.06098282044591361,-0.005468760416577035,-0.08150532216187674,-0.03430806237807492,-0.018489453078281606,-0.006730700482770477,0.019348204154922475,0.04879753250174811,0.1730834274904766,0.17309472129634096,-0.01865270665710502,-0.004960255534798602,0.010720538983184083,-0.05002562438489366,0.0016210816623043792,-0.02822234511589084,0.009019712653827321,-0.011793327869079013,,0.15130117135055485,-0.021574822717123934,0.1391022113140865,-0.03882625014107375,0.2504116917456049,-0.03407342644793787,0.2233998081289569,-0.03800937260070022,-0.018867910499767538,0.012134287611028421
Visting Team Home-Runs,0.09587795274740532,0.015551853484900005,0.01597347489484973,0.5386838386060269,-0.006832224597933054,0.15206392667017382,0.009973701443114274,0.36197628682780575,0.3953306578250833,0.09001033091370736,-0.004533140337328919,1.0,0.5567747595043688,0.0157813716531345,0.007339274488560974,-0.00803979717949316,0.08927930092880895,0.07704258876009086,0.030041917955423145,0.045598675012861634,0.020598456497351227,-0.041942116761617174,-0.0002636377182529685,0.004303728488897139,0.15030145115200605,-0.010622510662571104,-0.010185948640839304,0.0028436387154861576,0.01859349056904433,0.22422008413800223,0.0649289950241056,-0.01426578683870245,0.023010355597865843,0.03744549555155329,-0.0002636377182526989,0.19028737998274226,0.04283161182951604,-0.01840641574232208,0.019400779423071425,0.05386636741299317,-0.004387887951705232,-0.01727177031327899,-0.039550749984081715,0.04288238085696697,-0.0046526238201353345,-0.0824932633262346,0.08102897685844287,-0.07071351460254749,-0.006545781084335784,0.044594654888762505,-0.04077961377287203,0.07211307637693301,0.21552636435050018,0.5506453179159054,0.5491613306070963,0.028447145705796147,-0.0012994127220172292,0.05006523592617734,-0.04049947216493786,-0.029251861485244765,0.008357163361157747,-0.050669462218666125,0.02446344742094172,,0.37208699669554024,-0.01893946541854101,0.34034338063473396,-0.028464948049382814,0.7582178969679215,-0.00156379236341635,0.6458414510839774,-0.01154316832879474,-0.005887572648162046,-0.01172166052992393
Visting Team RBI,0.030053733651028595,0.014653937644273776,0.013815983969037889,0.9899533870602724,0.003145313147348184,0.21916206144729022,-0.025900904576927238,0.6661777186715827,0.8016691100553163,0.47714559506528276,0.17413948476232946,0.5567747595043688,1.0,0.0709142489625627,0.2763306779593547,0.07690988622751312,0.34751524248258836,0.24397694907930645,-0.11117572411498428,0.20911867016893249,-0.010024323554756614,0.019027715181321958,0.04597071093804569,0.2665358771916189,0.24250927359836988,-0.008042584993780168,-0.009724875966608853,0.04556190834931099,0.004731349614229356,0.3503701202529168,0.07892216269762006,0.003563391003564198,0.05332081985003507,-0.007011869875735295,-0.0027455195170574547,0.29309449246397784,0.0498992328237467,0.03118273945525793,-0.005611842299023676,0.018424539078872655,0.006691356905130096,-0.07294358432165429,0.008268913197204707,0.013629151524837941,-0.0027853705293881415,-0.13300036986611632,0.11144001027583071,-0.11774460788567356,-0.042116348877358135,0.008809755412021631,-0.022365140769831173,0.08902316096516275,0.43667815066121984,0.9688042583722117,0.966854122153808,0.14873171720141182,0.062421621766833996,0.038779044705189704,0.02197071951446556,0.1744541559922778,0.05965962512798392,0.020873700331676036,0.01527715678182745,,0.76856821177631,-0.05683307396597427,0.7612086229928443,-0.07823095588611699,0.8076620382448201,-0.05023763733162112,0.838799184920859,-0.06374732509693876,-0.015654345358658527,0.027413932147412813
Visiting Team Sac Hits,-0.14127251436461086,0.03018033918289061,0.0306543649601083,0.07738689757831924,-0.07706593550655988,0.18389812867628247,0.05110040010588166,0.044017631747124586,0.0902786391234087,0.0462867677629821,0.002817280955102653,0.0157813716531345,0.0709142489625627,1.0,0.04555979222892765,0.06260851882615694,0.13818022961155318,0.16987366679273147,-0.03692650171148797,0.06050594577015348,0.01974899253274165,0.01669099948651413,0.030162949626660045,0.14091799838262445,0.09820513998093672,-0.07451626781240041,-0.07515452914275379,0.003078595010169653,0.009670759269910888,0.19770120328678395,0.05368601869376042,0.01580594603827253,0.03718532572740519,0.061121044354136476,-0.014033517348959433,0.0739377013470798,-0.04033941143512459,-0.05063683862625989,-0.04934970094848953,-0.04686043381707346,-0.07700801226755337,0.086806655827756,-0.009055342670541651,0.03210296405725407,0.04081725574947049,0.012989070470414536,0.0470541780085067,7.923846361131251e-05,-0.002444728680839517,0.056547161154302916,-0.024340291645725102,0.054841831800876206,0.1192948421769888,0.06912046307789271,0.06877833232724373,0.08003494316581738,-0.006929646820583749,0.15064528531730814,0.16622018702934135,0.04673072940113591,0.03829802861645486,0.009909385200983507,-0.009919782316404247,,0.11340188565538299,-0.07459391285275652,0.15772418447195655,-0.04846300621254942,0.08119293963995625,-0.09119973332044018,0.11504648169114828,-0.08136886632307709,-0.0055372936412314815,0.0007503763647913947
Visting Team Sac Flys,0.00921639823958163,-0.004318475880852533,-0.004316724367699287,0.2742638888131175,-0.005655892144065009,0.09625144475839792,-0.04732914789855179,0.09688661642955086,0.227165790422019,0.1283427411215784,0.11441726189085798,0.007339274488560974,0.2763306779593547,0.04555979222892765,1.0,0.075278615873017,0.10070982486422136,0.082969562675714,-0.1293353540902703,0.09832001164209286,0.03531116236005142,-0.032860614785473745,0.05112671723579796,0.10814185405633943,0.08415764883291002,-0.0036138545238973267,-0.007746607984688385,0.06388282811493366,-0.019292355719554188,0.14006800071123254,0.004250360477127026,-0.016796482339016445,-0.01528202278354087,-0.028025299797580023,0.01590447595829491,0.09102286050493504,-0.009056328435057654,0.023584590946042604,-0.0038356212062467996,0.001822084333735367,-0.006540583109848441,0.01837657354323625,-0.00414931297847615,0.044405991615253514,-0.007189826333477233,-0.05090053508788674,0.05012868666043717,-0.0640761460634239,-0.025615606017636152,-0.030133978373792888,-0.013141882313395657,0.012690181957670603,0.12067880993226267,0.25248429859366334,0.251900266913764,0.04983148948319979,0.06776094893438045,0.03396595969232286,-0.033098535654472475,0.15203047982783813,0.044894995015755584,-0.019753332389350352,0.03613961439033476,,0.2613061732732785,-0.056602255717152015,0.2158810967222235,-0.05455862107448985,0.18852363528028648,-0.03787961829977997,0.2102452578199503,-0.046439883394428075,-0.009283296801808538,0.0556317634633756
Visting Team HBP,0.026087258992941755,0.004894302570228103,0.004306119294380845,0.07894591777934365,0.006635206096578619,0.0394259639789144,-0.025652277602081948,0.018676658287293084,0.020732398847663362,0.006132871695344566,0.021496979840884677,-0.00803979717949316,0.07690988622751312,0.06260851882615694,0.075278615873017,1.0,0.0707725372121524,0.013758746119977313,0.011472590385888189,0.09114381050784073,-0.0017607915103903195,-0.035497808184200154,0.012565599032372227,0.21676839737468565,0.05760140535523595,0.00040517967723616784,-0.0011965497761591691,-0.0008587260431977216,-0.010283080268409702,0.05066531393306016,-0.01642001048355878,0.0505134744065845,0.0018051129336284723,0.011154589243272726,-0.019011165375403857,0.04638564216066327,0.007670930040277282,-0.023545182462891483,-0.01324326433979897,0.03487989644664009,0.009232465319622138,-0.0004940789580396639,0.006398518680540267,0.04013323554587704,-0.008985461582733577,-0.01626816538427347,0.030113475433951018,-0.011078268938025243,-0.053631344329281225,-0.003366509718724693,-0.014717723266044319,0.016141706697916893,0.1362091796014637,0.08909402326647997,0.08970956808574929,0.06210531847908279,0.052404420825263504,0.022141125822632206,0.005335138628294575,0.025104671393706007,0.015927172363936513,-0.016497120374767818,-0.013438300421465852,,0.020994901372757,-0.00939775291998758,0.16129620138527442,-0.008863384633001705,0.01310966203698596,0.004289559519243837,0.06996842900971345,-0.00026478553130779525,0.02513630855442708,-0.017346417946726166
Visting Team Walks,-0.03807897018021338,-0.08140849697350815,-0.0828174579792243,0.3636532623321865,-0.04244466114345465,0.1866544875460686,-0.07707920753191341,0.16944940065899983,0.1912419049967115,0.16263021015692547,0.041516604424110676,0.08927930092880895,0.34751524248258836,0.13818022961155318,0.10070982486422136,0.0707725372121524,1.0,0.3126204733079188,-0.002129204434162924,0.14175567955696364,0.04300080586803679,0.10251780596188072,0.029109836169912463,0.558174756738321,0.16027194335973824,-0.050402406693071646,-0.050422540817233956,0.027635611510064807,0.05005874036913903,0.2365612896964723,0.03576312118668584,-0.004035020621510465,0.062458566756286985,-0.014876512968318375,-0.01829872844529059,0.14053989997692812,-0.029744638523969556,-0.0001801487568983724,-0.03298699096283043,-0.006198733545726083,-0.03718134388609137,-0.008572949139144238,0.0011610729515611111,0.04357013617924786,0.029883373299810185,-0.05619678124223334,0.10722195384072243,-0.03990311637530332,0.022114190439293382,-0.021753843706083652,0.001152877656334474,0.05960589368001193,0.3962796951964345,0.3498395596506162,0.3491486439763098,0.2198281360785015,0.041425774190167644,0.1088748761517474,0.03586889926148187,0.09216755961304561,0.07234492394274412,0.1051383139266136,0.0004698503844875399,,0.18732510759924856,-0.08893644662214667,0.5621028011622762,-0.07507688398660832,0.18358371777088628,-0.07194053880893024,0.33787340732878945,-0.0777173451453852,-0.03881107430296179,0.0015992436187886854
Visting Team Int Walks,-0.10937758669599555,0.011396970498200347,0.011652816414551449,0.2605919722189953,-0.07904893498333632,0.25301960108738086,-0.05721939306638834,0.2755202687254186,0.24463648028936616,0.22720950916912652,0.05575257598350965,0.07704258876009086,0.24397694907930645,0.16987366679273147,0.082969562675714,0.013758746119977313,0.3126204733079188,1.0,0.041239141191937605,0.09126755249142564,0.01237467278621203,0.0010471546672944326,0.02357131516831785,0.2822272492662771,0.13495005545633607,-0.08546562994033725,-0.08581908611655241,0.022340274563131823,0.0044437117645988134,0.2900713782042251,0.07550066772315688,-0.022741792221581895,0.0180504486718431,0.006690734092530992,-0.015357474354840413,0.1590117561617284,-0.02994072220031986,-0.00815735240531988,-0.04937352880119353,-0.057450801256745905,-0.07235634546263033,0.03550772057769411,0.028627497598731393,0.02824616895318624,0.025803440886470557,0.009180149341045687,0.06582386884080993,-0.04375117363268557,0.03364163381387826,0.0016872112663863328,0.018376480330716115,0.08489890551285542,0.235206971400025,0.2377253785592924,0.23723126304792402,0.11769911509552547,0.026115730869885646,0.18511634194515283,0.08765656699485638,0.11051284916637286,0.02037769519551276,0.0037465292997643654,-0.010855639305642328,,0.21311952426953581,-0.09734415308543218,0.2834271541946805,-0.08886150628774116,0.19264089346733274,-0.11190908148504997,0.23860985546929864,-0.11064001259133195,-0.020133798661355222,0.034402992300518374
Visting Team Strikeouts,0.09783962854475635,0.004176754445565193,0.006092356703986809,-0.11518361440576315,0.06197848392859555,0.19693337178478212,-0.025965826380577598,0.07465949503704446,-0.12955913014820528,-0.07834445576794678,-0.0418879200045954,0.030041917955423145,-0.11117572411498428,-0.03692650171148797,-0.1293353540902703,0.011472590385888189,-0.002129204434162924,0.041239141191937605,1.0,0.03345010523351875,0.01038096596502094,-0.21974879719285242,-0.003981326779474604,0.027576676550911457,0.07783131553057736,0.05171850093192342,0.0537521293630582,0.03662867649854629,0.02479372796468234,0.14069106505952556,0.0691000326551706,0.0011885597176691826,0.03440744376968667,0.005616752840484984,0.0024054763783368737,0.13004548195742438,0.06125660010678914,0.03062999209717153,-0.011573891801120154,0.05401992550790849,0.06198655816235617,0.03246486355839814,0.04036233783374668,0.042950025542311705,0.06699584815916887,0.09799115982896807,0.0752221316802027,-0.011715471984053122,0.04353528185570651,0.001227073697711331,-0.032752932173601215,0.059236977792731085,0.12439488925082462,-0.10953270726593958,-0.10942267371497215,0.002372939036165091,0.02598956691677173,0.2484358871636646,-0.3713638094588443,-0.06647546705091453,0.026228574797540514,-0.21666832006702633,-0.04344564181815027,,-0.19967792279700197,0.029879492635007412,-0.17681374461894292,0.04611164576701095,-0.1260259117163846,0.0432853820940258,-0.152843195462223,0.04710607903373692,0.05225636001973307,0.005687911651387241
Visting Team Stolen Bases,-0.057388435551049215,-0.04070466632378618,-0.040213907961485024,0.21317758332116432,-0.05402064806785217,0.09381487475875597,0.04056139318247163,0.1664692745238099,0.19490082705478554,0.07587618447664708,0.04487248120247008,0.045598675012861634,0.20911867016893249,0.06050594577015348,0.09832001164209286,0.09114381050784073,0.14175567955696364,0.09126755249142564,0.03345010523351875,1.0,0.05490619284145182,-0.053050504173321286,0.022332475941287625,0.14831217995549376,0.07691750666044449,-0.04719569476933274,-0.04624357173212445,0.008723991607871127,0.013399876203136124,0.12863872355766753,0.05075672574837122,-0.03550168048054611,0.03727152345817597,0.004830042153027822,-0.02330481688816848,0.05685432365817956,-0.027011787282023192,0.019425592505018154,0.010382720920768392,-0.0428006158790885,-0.04833040838866836,0.023247364066458776,0.017941182451638765,-0.01945559796425855,-0.018734916818825893,-0.034160431067146675,-0.04667088786748785,-0.07666762742435805,-0.020464420419206125,-0.011619039589225113,-0.027228279796738752,0.010953703685396938,0.14749479733654586,0.20106328284702618,0.2015242927765025,0.05564371747584221,0.0641665388972523,0.04277543933289007,-0.03101544595264521,0.1292992345207061,0.023163501881037062,-0.04093414697804908,-0.016473326302007676,,0.18536368639808837,-0.05451502814888709,0.2160597003436576,-0.0639890886399426,0.13194396423281565,-0.054525132160455396,0.1717281824850543,-0.06150597449078165,0.03326093106435749,0.034532185746441145
Visting Team Caught Stealing,0.006573354233575578,-0.044392080090924484,-0.04638319628931029,-0.008815794062560866,-0.0718981599843985,0.11744126459373594,0.02006456277865535,-0.01628695362643427,0.04874045281584739,-0.04543651010661669,0.02854255186090042,0.020598456497351227,-0.010024323554756614,0.01974899253274165,0.03531116236005142,-0.0017607915103903195,0.04300080586803679,0.01237467278621203,0.01038096596502094,0.05490619284145182,1.0,-0.05879415616376552,0.05474118932498666,-0.056543827913813814,0.06876141934182131,-0.07058296134084314,-0.07286536719020997,-0.019036336486874604,0.013555379496007457,0.1239288679422623,0.0006629277015649159,0.04004881365373874,-0.022579789653507886,0.013446951864464027,0.018438349549300816,0.029661542017853655,-0.06507215116498744,-0.032982211588542705,-0.016541220121202158,-0.0324818034197593,-0.07286724841273194,-0.004833323253352704,-0.007027079840963844,0.039569813688195406,0.03325749662282041,0.018245152826583486,0.04122728164588693,-0.00965902434663589,0.026138121971222096,-0.004819930229883678,-0.030984883646769462,0.034838208279402975,0.052470169614664115,-0.01125239625269249,-0.011721013990800472,-0.015213858386152879,0.021498054810825364,0.09905982284708872,0.12554955140449556,0.035736472363614734,0.0018146018879810928,0.027611178456847574,0.03869455307191388,,0.07247725333707312,-0.09004532566862791,0.08728166250216142,-0.06447451109909248,0.05102861541906426,-0.0781734851092233,0.06782310998305806,-0.07816861787669932,-0.04800691735429137,0.02968598252524309
Visting Team G Double Play,-0.021199527728641775,-0.03015782562110155,-0.032885284012625506,0.02265938998935218,0.005592358310066453,0.05575141812483401,-0.008741580777495829,-0.012190888847655054,0.15203864807270853,0.012168878145332697,-0.02936280733014485,-0.041942116761617174,0.019027715181321958,0.01669099948651413,-0.032860614785473745,-0.035497808184200154,0.10251780596188072,0.0010471546672944326,-0.21974879719285242,-0.053050504173321286,-0.05879415616376552,1.0,0.008356463819793528,-0.03552055475279048,0.025435559634019642,0.005134035083984401,0.005003520258895358,-0.029706628165981342,-0.027488195731654022,0.045782700248020836,0.035554023835683166,-0.015861949714443446,0.025785094614347814,-0.013633617397903556,-0.01320143486424563,0.037264137600385404,0.014347655409294653,0.024289754696815453,0.010482093540925969,-0.005237247961263491,0.005428980000678094,0.019085478521433365,-0.01946319257936897,-0.02651682003636848,0.027341149506912448,0.000828324524820498,0.0014366715995091338,0.0799190264904367,0.005962378535887084,-0.020207073764392697,0.014493783806506629,0.019481892277762067,0.006528670854868911,0.027728970515897292,0.02707550265704691,-0.010372573657300092,-0.03254020086059502,0.06302972879550175,0.3992289725194875,0.002925218819547132,-0.00912317764313368,0.9095618879785964,-0.02457010695809774,,0.20728019806792536,0.006662112911428897,0.22380315171531892,0.009476855375488752,0.08569037776009196,0.0036995718504266367,0.14311525366676756,0.006058993645047517,-0.029628095977277186,-0.019893837602922418
Visting Team Awarded First on Interference,-0.00030077723778250176,-0.044996154214363135,-0.04583007613533845,0.05407930964870841,0.027271474043355153,0.10001328251204043,0.04616434081104807,0.07313634203476066,0.06223052165726756,0.03484888697182675,0.021726187513341027,-0.0002636377182529685,0.04597071093804569,0.030162949626660045,0.05112671723579796,0.012565599032372227,0.029109836169912463,0.02357131516831785,-0.003981326779474604,0.022332475941287625,0.05474118932498666,0.008356463819793528,1.0,0.035712391082219214,0.04908046252750274,0.032566763053974504,0.03273228514601635,0.006947422582352121,-0.0059177947372077095,0.09781376107468856,0.008414141213964206,0.020455692989201375,-0.009296123169451966,0.002245706243091409,-0.0013764624913971183,0.08429100232919316,0.014625744752708078,0.0759416145506897,-0.017856676582224493,0.015185454586498639,0.024350332960451773,-0.015893090003480395,-0.019849131299795826,-0.020408634797536795,0.03687569735620524,-0.016300959183856146,0.004978245429088888,-0.023402369368357302,-0.018161037434194862,0.008311379927200482,-0.0023873913892650867,0.016300016796894155,0.06809097255036298,0.048104347572156224,0.04820950225112343,0.038907923129272895,-0.0067842829339942795,0.09383374299387699,0.014253953419126187,0.06666317563567283,0.06325985185266729,0.06226565991829571,-0.0009729712047113631,,0.048465404720612996,-0.013061282627353666,0.046936229008074974,-0.011683938402690913,0.030306497045759613,0.01071566491652802,0.03842645222870597,0.0031788279121961055,-0.03748518098264102,-0.03752415437600143
Visiting Team LOB,-0.09139288817437267,-0.022095553797317556,-0.021793638315309425,0.2726111926209054,0.03442156067584091,0.24921936676631085,-0.056740857681289565,0.5893458938311614,0.555280044034917,0.28537930303837566,0.033766951811825326,0.004303728488897139,0.2665358771916189,0.14091799838262445,0.10814185405633943,0.21676839737468565,0.558174756738321,0.2822272492662771,0.027576676550911457,0.14831217995549376,-0.056543827913813814,-0.03552055475279048,0.035712391082219214,1.0,0.1857319138557539,0.0282636696398935,0.028055510194898332,0.023292653479093265,-0.00028155390431188707,0.26021330564566947,0.06515911724871137,-0.0037946171377704805,0.06415693800937748,0.008955190623275358,-0.033652885949720476,0.21312359520605825,0.0479330005779251,-0.005716347026869485,0.0037460281966315762,0.040328250738740544,0.03863722410782267,-0.003392602203950298,0.008212544420167596,0.05110158661513738,0.07015540031322309,0.015155242754322647,0.08286376871842807,-0.021538988676355165,-0.01203919191309884,-0.0012035567975302128,-0.05435857625707713,0.09117443202285151,0.4676791243130149,0.2542993918041585,0.2540214815261067,0.18554852967310204,0.041357236641282956,0.21361400098511993,0.02309226148834936,0.23141904713483735,0.024458374307280165,-0.04046069450812302,-0.04830389348021913,,0.4998041046435822,-0.02037761103775484,0.6504668668893097,-0.0037084799897814176,0.28309989224317494,-0.01192683990670631,0.4391722724317308,-0.009675609572999153,-0.011022284410332159,-0.005096595087632788
Visting Team Pitchers Used,0.1264650151873839,0.041332430877567106,0.0412731056668757,0.24289854579931103,0.3105362526429964,0.3836318995316469,-0.005227127329686637,0.36109696844792344,0.24471792124971892,0.15350021317232473,0.02629960555130174,0.15030145115200605,0.24250927359836988,0.09820513998093672,0.08415764883291002,0.05760140535523595,0.16027194335973824,0.13495005545633607,0.07783131553057736,0.07691750666044449,0.06876141934182131,0.025435559634019642,0.04908046252750274,0.1857319138557539,1.0,0.2930366029538671,0.29070861716988544,0.1484565107678434,0.05387831571678206,0.36916164985703287,0.08647111802855803,0.12950766990080773,0.07456125647669638,0.03386097588973835,0.03490858854903205,0.524673336171009,0.3623176959601515,0.1662320059188571,0.10044022728915407,0.13660352678681456,0.30495669829864847,0.08852041197543052,0.12372408074878834,0.13536765677413193,0.38376515822502527,0.143265283422519,0.18136965504108296,0.06686218985455683,0.03924728268420668,0.024841020699377974,-0.021387362767827055,0.43520816812708835,0.3733007617508942,0.23272642673010846,0.2317156341718891,0.04565915970904578,0.015250525358495784,0.36732835945898,0.12355341373213677,0.10372461704075125,-0.0012585695384645876,0.04098135498820642,0.004640446724515999,,0.19358861210235992,0.24836143485546103,0.21127135150434742,0.34312722255477524,0.1974259433299191,0.21380650041615024,0.21457205988016154,0.2750422172422877,0.0012991960179335005,0.03453134514548939
