,Date,Visiting Team Game Number,Home Team Game Number,Visiting Team Score,Home Team Score,Length of Game in Outs,Attendance,Visting Team At-Bats,Visting Team Hits,Visting Team Doubles,Visting Team Triples,Visting Team Home-Runs,Visting Team RBI,Visiting Team Sac Hits,Visting Team Sac Flys,Visting Team HBP,Visting Team Walks,Visting Team Int Walks,Visting Team Strikeouts,Visting Team Stolen Bases,Visting Team Caught Stealing,Visting Team G Double Play,Visting Team Awarded First on Interference,Visiting Team LOB,Visting Team Pitchers Used,Visting Team Ind ER,Visting Team Team ER,Visting Team Wild Pitches,Visting Team Balks,Visting Team Put-outs,Visting Team Assists,Visting Team Errors,Visting Team Passed Balls,Visting Team Double Plays,Visting Team Triple Plays,Home Team At-Bats,Home Team Hits,Home Team Doubles,Home Team Triples,Home Team Home-Runs,Home Team RBI,Home Team Sac Hits,Home Team Sac Flys,Home Team HBP,Home Team Walks,Home Team Int Walks,Home Team Strikeouts,Home Team Stolen Bases,Home Team Caught Stealing,Home Team G Double Play,Home Team Awarded First on Interference,Home Team LOB,Home Team Pitchers Used,Home Team Ind ER,Home Team Team ER,Home Team Wild Pitches,Home Team Balks,Home Team Put-outs,Home Team Assists,Home Team Errors,Home Team Passed Balls,Home Team Double Plays,Home Team Triple Plays,Unnamed: 75,Visiting Team Batting Average,Home Team Batting Average,Visiting Team OBP,Home Team OBP,Visiting Team Slugging,Home Team Slugging,Visiting Team OPS,Home Team OPS,Win
Date,1.0,0.003986443870012799,0.0028628790643920933,0.055546561635548594,-0.014984818355824143,0.0070266521870369055,0.10703316620424992,0.004093286511262355,-0.017351570532431953,0.013440124653517516,0.02218827324253469,0.1559734094070288,0.06013143737513869,-0.2852683535044842,0.01760526786132467,0.0707024125257694,0.013764137028764218,-0.08350395921785332,0.19438027656943602,-0.07384317135791249,-0.03805799640807606,0.017332377272788187,0.030280638302436526,-0.0771568642289709,0.060794527754302274,0.008338515319616394,0.007694606505782684,0.062253014366048555,-0.0429734211121403,0.023128744018652152,-0.11845763165239852,-0.07740703704912535,0.0056332936269918536,0.04753346735334948,0.009998781667437893,-0.04414927198966711,-0.07393575823397086,0.029913958577781927,-0.10098756437053741,0.09998086645520389,-0.007700749516516275,-0.196978748418933,0.008038753898681307,0.06136757538139597,0.017583802914965207,-0.12381979732036977,0.17717031215095735,-0.07701888331098346,-0.06297278008428696,0.03933490354832159,0.0743261031940435,-0.07651815809325392,0.0429264735375861,0.0698084536465392,0.06991100201528487,0.08125581081325736,-0.03280578927567692,-0.01408198184521271,-0.15547200345751744,-0.025923850051387008,0.043481231220913484,0.018487776340061636,0.020140980202815167,,-0.03389750433135135,-0.07843598518340951,-0.005894494664615029,-0.04858312481229355,0.08623887148168052,0.015719258839526757,0.057909270753318975,-0.006792518316151659,0.17888253707837373
Visiting Team Game Number,0.003986443870012799,1.0,0.9995085657197547,-0.0260018397708099,0.008322990696558898,-0.005823671996975399,0.018243012766676402,-0.011706316621059129,-0.022230279608575453,-0.007763074032285931,-0.02629353045205529,-0.014260547793567337,-0.02633149371554997,0.04396692668204314,-0.0161021134420963,-0.0045838140046809165,-0.010998521942248944,0.04192734039262865,0.01972603333569487,-0.042774891565324574,-0.0011665358122498319,-0.031582167522918876,-0.026024791205037097,0.008815898818644979,0.09294601955665999,0.010887953048978391,0.009539410244343786,0.03447418952149242,0.009424349541718363,-0.009857491009287586,-0.06549475646608563,-0.006481713559299678,-0.018142989176541512,-0.008143083350841586,-0.020831888324209336,-0.006475570236839004,0.0022982322607497502,-0.019954173586017556,-0.010212583424512912,-0.006265633204720701,0.0052680604658325815,0.009454039205090038,-0.004562325397011595,0.03576874374476038,-0.008891474074710635,0.032657082541923295,-0.021321007124361763,0.006529363071404783,0.015249397302235927,-0.011447512628314354,-0.06280984077573674,-0.009952156320967114,0.09413930975186473,-0.01972302488710257,-0.020126535449338182,0.08136257099996101,-0.033698767537949134,-0.00015856902629252583,-0.04897418986349385,-0.009979247042656562,0.02644446957394261,-0.02405169899920021,-0.02251016507314734,,-0.020300371976060737,0.013494189637134332,-0.029816591680434264,0.008094684061163794,-0.02627196456074043,-0.004627095572801737,-0.029184239560864425,-0.00027162807845071245,-3.857332103695138e-05
Home Team Game Number,0.0028628790643920933,0.9995085657197547,1.0,-0.028258580356376826,0.008392866077801462,-0.004708674112314868,0.017687177206936144,-0.011770064584465815,-0.02375256275663078,-0.008437139866264074,-0.02342340940219399,-0.016177133889164596,-0.028747421411816507,0.04457127007484406,-0.017294276282966013,-0.006591977304716905,-0.013177599410867113,0.042842281319849684,0.020657794074231066,-0.04266754352372654,-0.00210346313767784,-0.03296769034362992,-0.026557313932589435,0.008102814814044897,0.09326502206846257,0.010802050116697149,0.009451831760280438,0.034419761373362126,0.009172708567392777,-0.00907301088646716,-0.06567315603589927,-0.005617742627298327,-0.018546569930904498,-0.007643367069414358,-0.02080491053540112,-0.006397074113513936,0.0019446129422726005,-0.020810417576559298,-0.011024080218261996,-0.005314445410047997,0.005391576296403269,0.00938181348910636,-0.005194407983677335,0.03621436162240303,-0.007971133034871649,0.03293407971138778,-0.021164180529917972,0.0075204349228503746,0.016005294046294298,-0.010480764935756049,-0.06181423667254549,-0.010006827199764357,0.09462014487655844,-0.0220856029509687,-0.022509973426478553,0.08181057161477351,-0.03462879236670729,0.0012728605160754654,-0.047836586210553006,-0.010387434321087434,0.027942261701029956,-0.025646176508596737,-0.023042434983415162,,-0.022655228616159404,0.013350927647205196,-0.03253389411264094,0.008295738802420361,-0.027974951001012285,-0.004424124892761661,-0.03136246730815148,-5.620335491815906e-05,0.001982865389827992
Visiting Team Score,0.055546561635548594,-0.0260018397708099,-0.028258580356376826,1.0,0.012482272916198875,0.1663955632321396,-0.039464314461587706,0.6458776604080869,0.7941435211545094,0.48004723811098954,0.1943223074782277,0.6119495234915306,0.9878899250732261,0.08803394311161966,0.2844976331139951,0.13607347422283442,0.3848588929546754,0.13693089551927884,-0.06555276492693521,0.1384377786966299,-0.0501856737191522,-0.003984042826443137,0.030259824162618777,0.20392974001063438,0.17502807486230784,0.013005265501987944,0.013118200870646213,0.0838794511384539,-0.012400394391825846,0.29770015283050594,0.012420607514966337,-0.010430935510777182,0.05867112859423637,-0.015003854568690238,-0.010702074443620263,0.2875739134518094,0.07073617054220398,0.017380258332048037,0.00036986578617567944,0.03190388463098172,0.006701418790592707,-0.08127879877118986,-0.004023118938776254,-0.0297877501538697,-0.03760752438547618,-0.10343106322785679,0.1804517883366525,-0.12022000656720182,-0.061201227469645916,0.0014662836433100763,-0.0028500825089915675,0.052878485300314526,0.37743347164050295,0.9657076811893498,0.9647561153203565,0.19327743494634894,0.13913787260113591,-0.015858710369387675,-0.012525959952072702,0.31060628939241125,0.04110576612784528,-0.0005238938764064108,0.00561117651173608,,0.7825781816941785,-0.050360907698833265,0.7570806664704636,-0.05997455093416944,0.8134925609330753,-0.02127449186052906,0.8429955863167811,-0.03681512236924195,0.0244661328534472
Home Team Score,-0.014984818355824143,0.008322990696558898,0.008392866077801462,0.012482272916198875,1.0,-0.229314726050497,0.07494569080694766,0.01537627008963775,0.016713690155661272,0.006783883888834888,-0.043879243046323006,0.04963156422964762,0.016786351687256257,-0.058264208180562015,-0.008917042403352459,0.005463923734657046,-0.07620299007200072,-0.08386687072278172,0.05264584604335571,-0.05599330457596628,-0.0817889298885132,-0.013525220209153387,-0.021673425424055138,-0.01897125556581665,0.2566001700182555,0.9663561041767933,0.9648570932662307,0.1772564328103807,0.04893073129741997,-0.35088076115342404,-0.06664582715718424,0.19428286677288653,0.0899596733257914,-0.04407259061298559,-0.020569580074756413,0.38223899772527903,0.7583400480888054,0.43553798766147434,0.17093005069356676,0.5503975511134432,0.9862411037960797,0.07251689858055207,0.24704413874858167,0.11470567276475643,0.29920229979658897,0.06508158853304762,-0.20288568972851742,0.1529124054506513,-0.01597991265535222,-0.060187546131728796,0.09843225997789644,0.08427144277953988,0.025542020530643788,0.013255733149499823,0.01230470673406744,-0.03822058537541555,-0.011560434581307403,-0.053593917334626054,-0.0708953810764541,-0.03319812389093531,-0.07244330174432728,-0.018477754270688974,-0.011836194009236828,,-0.006835559683743285,0.7757558591858373,-0.01854101108327609,0.7530455919529415,0.029715115270924748,0.8063059112182338,0.013925343872801222,0.8390751868100645,0.0016946567521603797
Length of Game in Outs,0.0070266521870369055,-0.005823671996975399,-0.004708674112314868,0.1663955632321396,-0.229314726050497,1.0,0.0034411743938783193,0.6178573872361572,0.2320449276641349,0.10498926640205589,0.046943926979703364,0.07854552766446629,0.16141808142629296,0.14650906030616842,0.06828505005360301,0.03645957754411278,0.16357872115539873,0.26758544780589255,0.1840772466793448,0.11207974766074073,0.06456484879230615,0.06671459903390767,-0.006581697372254073,0.19211212313528422,0.38683362315439096,-0.20952596560126313,-0.20899011357643613,0.06845021933564924,0.024748429034594083,0.9680137154214692,0.28022818894236196,-0.05187101223424379,0.04772185375872233,0.05304044481294711,0.002738273630891105,0.593791883749246,-0.05732718858807561,-0.08908140417424429,-0.03486902074795948,-0.1161537326050996,-0.221962691767747,0.10769754473227873,-0.03263343063076302,0.01499058091056246,0.11254643698877284,0.2158933901028658,0.3226830955684557,-0.030673104978572875,0.02405473139913818,0.06503402335863356,-0.0012273434246483131,0.25161754458563773,0.400170327090837,0.16458564990134886,0.16483043738193456,0.09361529082937843,-0.0025734987559622047,0.9478396684082421,0.27626251754665515,0.08221181075193984,0.029584534922499156,0.08170851556210419,0.002738273630891113,,0.11622315054077209,-0.22731394402211166,0.10820344144728658,-0.21533742380943519,0.07892087136197198,-0.2681301342464337,0.09447339034232306,-0.2661896938459349,-0.019430182887827
Attendance,0.10703316620424992,0.018243012766676402,0.017687177206936144,-0.039464314461587706,0.07494569080694766,0.0034411743938783193,1.0,-0.031518169275082844,-0.06211208518552531,-0.047343134717243406,-0.03237168394845322,0.009227502508318062,-0.03783303428651623,0.008346730206605419,-0.012938461974882064,0.058900684507934516,-0.06716579988856765,-0.026496773524037592,0.07198910436642804,-0.0337263590462163,-0.012872226451900635,-0.0035264386491798,0.00266926622016844,-0.059292963530029844,0.024918622758076044,0.07061511232591072,0.06955594520893645,0.008745053817285773,-0.005052764089355588,-0.011869520808409069,0.0641258581708331,-0.015332264671694322,0.0426989027610332,0.014625358933403084,0.03573558933955916,0.03851692561639122,0.07237748367306567,0.0240282670508953,-0.002734845458327485,0.05094574125638479,0.07918612430566566,0.042919088941649475,0.027655815259696574,0.013832819263500027,0.02595711869048387,0.04173993618705073,-0.0965703627378414,-0.0017727360148959213,-0.02256082888418762,0.007855509713400955,0.06397130132953596,0.0218074012436421,-0.0016689139088177842,-0.037448597877446074,-0.0370915367004089,-0.016751954670608134,-0.009923998291945587,0.022573014739233035,-0.043532036891615326,0.017822325608000837,-0.006410737116304326,0.0006104849339764695,-0.03588790113398365,,-0.07402366666927399,0.07124763124561405,-0.07459161873994664,0.06789033742195025,-0.043183824592582395,0.06502721795658856,-0.05731138262194361,0.0702895523978237,0.011061432891234613
Visting Team At-Bats,0.004093286511262355,-0.011706316621059129,-0.011770064584465815,0.6458776604080869,0.01537627008963775,0.6178573872361572,-0.031518169275082844,1.0,0.8192067114323036,0.4607439275880273,0.15385272722041843,0.34729783019705346,0.6372200221496999,0.02937609379431022,0.07975029151152202,0.05427908860746129,0.16467774087552212,0.206017262364696,0.10437623906459408,0.14070902047466693,-0.06315076788106772,-0.06229433386845405,-0.007578249799522076,0.5282735901746841,0.3270595855794488,0.023826354540771134,0.02367365139069668,0.12964093642613997,0.0010004456994791796,0.6364687931760251,0.12992116050503189,0.004088815824859416,0.06429877501228827,0.005473008080778694,-0.017732846893064043,0.5248872702041443,0.09958311681417999,-0.008080960683889629,0.043859631503870004,0.04314078488974637,0.015170968989451994,0.014713027642061576,-0.021283364590268444,0.008321926562649337,0.08233536231620937,0.058050126077813395,0.25557900649484183,-0.07568451365159848,-0.037643140443607885,0.015945525037273207,0.0110869759840093,0.1673590806020713,0.4949712206957486,0.6243282268620836,0.6239958763398374,0.17997620495120142,0.06038375925680693,0.5368777840360702,0.10068922852964847,0.27265808944736536,0.02805068761421193,-0.06835101923242243,0.007608481967594978,,0.6343896176570383,-0.0557393890947874,0.5797061739206162,-0.0507041477404612,0.5850493562718755,-0.041789665219803526,0.6191299935065111,-0.04776031699752927,0.00035065087985348996
Visting Team Hits,-0.017351570532431953,-0.022230279608575453,-0.02375256275663078,0.7941435211545094,0.016713690155661272,0.2320449276641349,-0.06211208518552531,0.8192067114323036,1.0,0.543233371726575,0.19937779143527307,0.42029394426119315,0.7851207336825997,0.09737742199444359,0.21810037247730932,0.08041453992653554,0.19725262941195426,0.15057728247860283,-0.10831483403142896,0.1348535202011884,0.01903205443269829,0.1253995645508965,-0.007849606292773061,0.4838131057714236,0.17732634912214412,0.019601976786039903,0.01961149975499026,0.09155103020275966,-0.027009674977489646,0.3243895414023759,0.027752593611444398,-0.0012841518462871093,0.06927383805090363,-0.01787178002036954,-0.004973232003650474,0.299093907466427,0.06429040610024075,-0.004821275290608704,0.041547051946683,0.044994237222819186,0.013007311581623549,-0.055016002502584406,-0.043858302185869356,-0.010556400927215732,0.0019581275518021518,-0.06529314935101267,0.17845279419318147,-0.09760161741070325,-0.05837879389944609,-0.008550160377704875,-0.002116979123532447,0.06936135822034688,0.3949609786761349,0.7872370761113046,0.7871419644253096,0.17336149148197888,0.08613639283596204,0.09319454211111446,0.10845658847172751,0.2173105778958775,0.03716823421361425,0.1317624139126734,0.03283162858718553,,0.9290147033398982,-0.04706470207092093,0.8554166748427524,-0.045003422215277505,0.8144158480757022,-0.013757210097451485,0.8795442153589492,-0.026082987553746176,0.013652836117294918
Visting Team Doubles,0.013440124653517516,-0.007763074032285931,-0.008437139866264074,0.48004723811098954,0.006783883888834888,0.10498926640205589,-0.047343134717243406,0.4607439275880273,0.543233371726575,1.0,0.04069318088256004,0.09715586993236394,0.47020827505911617,0.06529689200633296,0.11886911848279125,0.06739763097479858,0.13528287676472064,0.16571354170680105,-0.04253154609464136,0.06789328435510074,-0.015301886910793688,-0.061079367245014456,0.040779110085871234,0.2845759518059915,0.10072030497677999,0.004260669227833569,0.004847768250354642,0.033280496489997424,-0.03559736644951909,0.1648801309350656,0.010704566559705354,-0.019632246948057996,0.0750916329121592,-0.01364502600792237,-0.014396041335191496,0.15890083602443672,0.03967021437595651,0.009891238420048161,-0.005728153407652573,0.013687636857138783,0.009005866740768781,-0.04542337104184352,-0.02920206987119587,-0.008851064001805744,-0.013151656868373393,-0.057285565156409805,0.0766086191673847,-0.05240592514271339,-0.021918620037906112,-0.005601846597354033,-0.007956313372669601,0.030886600022730675,0.2063629786839305,0.47144272715834706,0.4712431396151036,0.12280220545812834,0.04019680587170213,0.019159447412375394,0.012887546203619898,0.15304230322714135,0.005416366752824659,-0.05747692336596084,-0.014396041335191493,,0.5050282342217189,-0.032972513579505064,0.47188135994887,-0.02397918340428729,0.5294202699819558,-0.015502193024131961,0.5410165443492593,-0.01960897833907173,0.0015471568327934911
Visting Team Triples,0.02218827324253469,-0.02629353045205529,-0.02342340940219399,0.1943223074782277,-0.043879243046323006,0.046943926979703364,-0.03237168394845322,0.15385272722041843,0.19937779143527307,0.04069318088256004,1.0,0.03249873233443823,0.19611663119074516,0.014091635508772375,0.11012550333419999,0.013936978528913785,-0.002453819701184502,0.012579491589229,-0.004458190101905829,0.008664184966594561,-0.029811083274916765,-0.002951084378458657,0.009637970210646836,0.02899617665178747,0.04421088572386025,-0.039878476509045406,-0.039246041686073214,-0.009994974363814678,0.04853584988471191,0.07896674944335741,-0.0021159955131991423,0.00011682864066485605,0.030599486528342736,-0.014589213967464801,-0.011041488112041127,0.038286575267623635,-0.04264179881138208,-0.02515379359283378,-0.017866070102417482,0.00456800273396977,-0.04326629306371423,-0.027800233685614975,-0.0398274244085347,-0.002289345934524731,-0.00913706382548128,-0.03275172969762349,0.08358730291686425,0.009999162276892222,-0.02733723059291488,-0.008003428219661091,0.03183470211038708,0.007637314276321658,0.06727222868986996,0.20108980047085256,0.20152244604276623,0.029920269641905816,0.0014077332291348474,0.001904925274913195,0.00383179219579215,0.013118752972808121,-0.0348040111424352,0.010393433938600958,-0.011041488112041047,,0.179222439577338,-0.06461068911965678,0.15267543080014118,-0.05786747981776355,0.2662162304091041,-0.03817094594759768,0.24115441297940338,-0.0478526037697063,0.00413233141632081
Visting Team Home-Runs,0.1559734094070288,-0.014260547793567337,-0.016177133889164596,0.6119495234915306,0.04963156422964762,0.07854552766446629,0.009227502508318062,0.34729783019705346,0.42029394426119315,0.09715586993236394,0.03249873233443823,1.0,0.6280079832683294,-0.0029115134533929626,0.049696065280481115,0.030198940692809397,0.13996412861039748,-0.011784719821266493,0.017647115160467946,0.020740921238938205,-0.020961186553544224,0.009793053164747873,0.01365672306491864,-0.05715190904720517,0.1724692407661793,0.059965492117865296,0.0608000365327934,0.09884939412739893,0.013398478110334431,0.15897518458983534,0.002504663290442888,-0.02674410432534773,-0.016144384718147352,0.021974283373717877,-0.025267579340056103,0.1985634846344145,0.09389641093375233,0.047236903783925865,-0.008843937963644086,0.056085929603269254,0.040786548254187004,-0.0704511206714904,-0.020447016606509646,-0.023221593083673168,9.105913451187628e-05,-0.0697564955317283,0.12354656505405354,-0.07627812954050646,-0.07182350924188864,0.02430267421786575,0.02485277795997293,0.05112974742172974,0.18634959799925005,0.6152760862735206,0.613748995940479,0.07531109988672609,0.06318630471535913,-0.03092350286898453,-0.06373648215796131,0.11489141044563785,-0.0235084848835554,0.006906388023860186,0.02375455063705855,,0.38961321363118845,0.01236769200213949,0.3773637981707982,0.014911779418527662,0.7841749194274792,0.03649791352018152,0.6839304615381366,0.030964300921046437,0.05137979929418581
Visting Team RBI,0.06013143737513869,-0.02633149371554997,-0.028747421411816507,0.9878899250732261,0.016786351687256257,0.16141808142629296,-0.03783303428651623,0.6372200221496999,0.7851207336825997,0.47020827505911617,0.19611663119074516,0.6280079832683294,1.0,0.07962275724264255,0.2833930239241895,0.12402517983719338,0.37381117011190884,0.1322177082271808,-0.06210397848660746,0.1334618047323235,-0.04948982815642458,-0.012120841429566084,0.028142045847323795,0.19346189230860475,0.1737994614348408,0.017990423162676773,0.017992907387349794,0.08173685618907803,-0.01645635810717248,0.29069618835661964,0.009385598730574716,-0.010390528509860213,0.05438414768580368,-0.013193415946800164,-0.009196015993426959,0.28180415453870344,0.06930044316547523,0.017465589173084405,-0.003457374944163152,0.03269951995517524,0.010419176098900989,-0.0866407060137477,-0.006530746820702202,-0.02577191788211136,-0.03468594635629238,-0.0980413436916295,0.17417956152261863,-0.12101185615996271,-0.05973899780293762,0.002004005699695579,-0.0018510184775000764,0.04823922595230361,0.36684151967644835,0.969689302748206,0.9688463529208866,0.16155732406383752,0.12497474726911348,-0.017799793594796907,-0.02267300851954206,0.2661523372242264,0.0250266189784592,-0.008906310845276816,0.00775441550899588,,0.7720268035828902,-0.04916113234153568,0.7453396741643797,-0.05797444006771968,0.8181491152749832,-0.02089982964431964,0.8419516600073711,-0.035821366110302136,0.020009835866584152
Visiting Team Sac Hits,-0.2852683535044842,0.04396692668204314,0.04457127007484406,0.08803394311161966,-0.058264208180562015,0.14650906030616842,0.008346730206605419,0.02937609379431022,0.09737742199444359,0.06529689200633296,0.014091635508772375,-0.0029115134533929626,0.07962275724264255,1.0,0.10225995042310551,0.005291428322703232,0.08685027138617843,0.21487581955395305,-0.05890090040223762,0.0844250350835474,0.042411412217025476,-0.05921162140157304,0.007695468292013056,0.12710772629323447,0.06227452745656424,-0.056373875706533,-0.05572423953534549,-0.051304236442162185,0.005388320880246743,0.1573012222839034,0.04598505206906323,0.0006695764955957761,0.00978085418386842,-0.02729143988389832,-0.01179470130722414,0.12531354202144085,0.025728976154993637,-0.0013711172508708458,0.005769116583656015,-0.07954634446155741,-0.05079920790793378,0.10620308720455138,-0.006810536366811125,-0.0861195291388474,-0.01105147320943908,0.10294236965967961,-0.0012882729348654266,0.008809776699911398,0.020431026195787502,-0.02619107375296924,-0.007259232530657043,0.08167671497441499,0.14024532277303034,0.07894311747768602,0.07937216917655239,0.035633790611768516,0.0011809278939267649,0.11920281805161762,0.1439828767439984,0.08199450742459265,-0.013097487093902762,-0.05327467574421374,-0.011794701307224206,,0.20082104447931706,-0.012462602009525451,0.13417098456232138,-0.03161395330903977,0.07908991981585031,-0.061493122128803444,0.10407270000475187,-0.05454480175161152,-0.04115245671740556
Visting Team Sac Flys,0.01760526786132467,-0.0161021134420963,-0.017294276282966013,0.2844976331139951,-0.008917042403352459,0.06828505005360301,-0.012938461974882064,0.07975029151152202,0.21810037247730932,0.11886911848279125,0.11012550333419999,0.049696065280481115,0.2833930239241895,0.10225995042310551,1.0,0.08155406785817947,0.15046767924384918,0.05498289356312381,-0.053158878019484566,0.06177483078346793,-0.04820591895128399,-0.023520420091538378,0.018079372697635536,0.11222001120170026,0.06530094033134681,-0.011088854436519732,-0.01127175543622985,-0.01062228096264458,-0.013714760288999919,0.10850573859003575,-0.022680730520525907,-0.03481599671154825,-0.004249102494942472,-0.01622780146509784,0.04037639715757118,0.09514086511160558,0.005633072029444852,0.013382509569014395,-0.03749154389592345,0.015857966951555308,-0.008315516858639113,-0.02194823842173876,-0.010086976311381531,0.002566662598309135,-0.0059623258534943395,-0.002859518070934332,0.1048339603649013,-0.01679059275920773,-0.04610546236237548,-0.004163627540832004,-0.00976129955487009,0.02886010585983503,0.14503145293197536,0.26195707981356314,0.2624590846942841,0.08814287386133315,0.06146683958564988,0.01085084630076402,-0.050039916688560046,0.1424343273125935,0.0408016101668727,-0.014288864990145313,-0.012610809913300667,,0.33459493319252087,-0.029400724488999424,0.2318161808021456,-0.03274582252677903,0.1947445249548195,-0.01821957011893294,0.22027435123504205,-0.02471612294135258,0.046390242179818804
Visting Team HBP,0.0707024125257694,-0.0045838140046809165,-0.006591977304716905,0.13607347422283442,0.005463923734657046,0.03645957754411278,0.058900684507934516,0.05427908860746129,0.08041453992653554,0.06739763097479858,0.013936978528913785,0.030198940692809397,0.12402517983719338,0.005291428322703232,0.08155406785817947,1.0,0.07737236405967775,0.03755509369522567,0.002605419164950696,0.03597723539978336,0.006589659736969884,0.04255225389164204,0.03929784818671729,0.2103932588162605,0.04874158041275684,-0.0010878653074312512,-0.0013803112115308002,0.006305205365437079,0.0014815212447331495,0.05153923434503989,-0.020330306477407512,-0.012667083238573244,0.0319712177058275,-0.019068569083286607,-0.014882654683762564,0.06870858521612837,0.025950619234088302,-0.02567835713622724,-0.006849787862418174,0.04015151099481814,0.012726060086158739,-0.0024199268156509784,0.014431085984692471,0.0359351045544924,0.027102509163582054,-0.013456657738112384,0.061734884610520624,0.008654035911633953,-0.03134950993852498,-0.021479423057631036,0.04205159301342526,0.07523039103112993,0.1270802557946644,0.11157336661441283,0.11172416415007165,0.03210290121129617,0.027887546264275663,0.013918598289371356,0.010803701532478286,0.12811843022663275,0.00218016170289074,0.06616448007229567,-0.014882654683762653,,0.15754236423964577,0.01841291580554623,0.22222601935722852,0.017289417013466705,0.07119416540268289,0.01651861716405351,0.1307253488200909,0.01787130348228747,0.021251812296819186
Visting Team Walks,0.013764137028764218,-0.010998521942248944,-0.013177599410867113,0.3848588929546754,-0.07620299007200072,0.16357872115539873,-0.06716579988856765,0.16467774087552212,0.19725262941195426,0.13528287676472064,-0.002453819701184502,0.13996412861039748,0.37381117011190884,0.08685027138617843,0.15046767924384918,0.07737236405967775,1.0,0.30113347630722104,-0.029809815029949914,0.20378664228215032,0.022528500493675385,0.08110280735669935,0.030831438965182097,0.559542180634657,0.09308873605377484,-0.07773313736127083,-0.07933878634231728,0.013600675524893593,0.0003714902183249777,0.2200528987835065,0.05492219197495645,-0.03471973769674914,0.05565300260115458,0.003502582589570444,5.453589326740236e-05,0.1482549030762775,-0.006689792182736197,-0.000688330942861144,-0.022890297115408364,-0.05977101877680989,-0.0740059605224438,0.016330155582351173,-0.010957930834731539,-0.0070942329090321376,-0.01654861390686696,-0.015383604283521785,0.08010461400764385,-0.05759663918311402,-0.007125609532387284,0.0069150056401525006,-0.012585595079664027,0.06753139471939075,0.38719399461477144,0.3651304320620123,0.3642965976935791,0.1355436581666896,0.08372472014776791,0.07665265792187331,0.01794269054914177,0.1728608113767617,0.06450750030391306,0.08333646719948011,0.026558980021224223,,0.39522191480594526,-0.06597995791022533,0.5841428178357683,-0.07124548610135675,0.18793805120559634,-0.08569563921708047,0.34417959299437484,-0.08596199896193168,-0.023775952143401037
Visting Team Int Walks,-0.08350395921785332,0.04192734039262865,0.042842281319849684,0.13693089551927884,-0.08386687072278172,0.26758544780589255,-0.026496773524037592,0.206017262364696,0.15057728247860283,0.16571354170680105,0.012579491589229,-0.011784719821266493,0.1322177082271808,0.21487581955395305,0.05498289356312381,0.03755509369522567,0.30113347630722104,1.0,0.03395007959682793,0.13368700227792416,0.021552942516142988,-0.0011994231066969987,-0.013161998149807673,0.2707050013426387,0.12598246160222468,-0.0806080898167161,-0.08347413420398579,0.015053684102075884,0.08241235972543837,0.28056448234778303,0.12734893341779746,-0.0016081568966017149,0.023507183034615898,0.0014698451116387018,-0.009351008861365768,0.19085202095490447,0.008501262596087506,-0.021587220726292614,0.05079901375990884,-0.06918303246618282,-0.07896315921670626,0.08151889691989468,0.0006810934745030674,-0.04071604149193408,0.005069955580049352,0.08888813341581404,0.049297969948808196,-0.013338616933132942,0.032492108775060626,-0.00015814272046169468,-0.02193779137808723,0.10007052033217546,0.2125610947424404,0.13440760965503487,0.1347652692406206,0.06177634375921996,0.026787876185773104,0.22626545047699229,0.09714514410561852,0.05870196797409823,0.06304336589000568,0.0019032142295850448,-0.009351008861365754,,0.23679964500490958,-0.05390531928780902,0.2199816218427218,-0.059120059430622825,0.08482778910808078,-0.08096016441229004,0.13940106046335818,-0.0782153501362829,-0.008592757334824995
Visting Team Strikeouts,0.19438027656943602,0.01972603333569487,0.020657794074231066,-0.06555276492693521,0.05264584604335571,0.1840772466793448,0.07198910436642804,0.10437623906459408,-0.10831483403142896,-0.04253154609464136,-0.004458190101905829,0.017647115160467946,-0.06210397848660746,-0.05890090040223762,-0.053158878019484566,0.002605419164950696,-0.029809815029949914,0.03395007959682793,1.0,0.04983519943728011,-0.022858724491531077,-0.26758009803507493,-0.006998838733261228,0.023791120504938805,0.10218623193335176,0.05745044289992948,0.05618571438124135,0.05862298951546342,0.026433983732579595,0.13976253244818945,0.020643082343815206,0.06120473979636025,-0.028332918991645452,0.025203475877243257,-0.002942321900960936,0.13910898677901584,0.05478076736935081,-0.004510626149070093,-0.015086275289430868,0.07839148416401975,0.0584294834604319,-0.004792373381477401,0.06353211653306955,0.009534961581371501,0.08865134335477762,0.07330088525707193,0.016380410618770054,0.0038332684838241755,-0.0008081095222728102,0.012382089294620344,0.0585089951506866,0.08424996708585786,0.16921220653359517,-0.05118321555988324,-0.05138978823712211,0.09645715462495415,-0.02089964836927264,0.2232942425769442,-0.3912494730093445,-0.04875231483259167,0.027500514363228003,-0.278455318681335,-0.011470960731181644,,-0.17303447797329108,0.03934128127166057,-0.1657349310719531,0.04305899563763557,-0.09253941271796759,0.04641729480743595,-0.1249646731676717,0.04819681844883091,0.0034522658718792224
Visting Team Stolen Bases,-0.07384317135791249,-0.042774891565324574,-0.04266754352372654,0.1384377786966299,-0.05599330457596628,0.11207974766074073,-0.0337263590462163,0.14070902047466693,0.1348535202011884,0.06789328435510074,0.008664184966594561,0.020740921238938205,0.1334618047323235,0.0844250350835474,0.06177483078346793,0.03597723539978336,0.20378664228215032,0.13368700227792416,0.04983519943728011,1.0,-0.033753988788101555,-0.0074023090950902735,-0.0060891920921017665,0.18863550137775387,0.06375269616906067,-0.05020230005112902,-0.05234535025640831,-0.026139861646981562,0.043677983194764784,0.13483096552130172,0.019999620189821005,-0.0047322379878296334,0.030250991118757606,-0.001172384711789286,-0.018397898868044184,0.08484876801463352,-0.013408248350834474,-0.03727030245137575,-0.04366820761088697,0.004018186405984492,-0.05086951667489966,0.034922970848657274,-0.05661804003690086,-0.011467393274826272,0.015792522051013013,0.014863250648766115,0.009864884338476166,-0.008880915406504788,0.0030454623213009074,0.012255613108579628,-0.0037320304952976726,0.05674141608404839,0.17457920500780108,0.11704143391978528,0.11694357551493507,0.053498017680318186,0.011525984684031834,0.07277528510941383,0.004785864275302248,0.10713276062791842,0.014644725343080091,-0.013079716156940585,0.010982316410826361,,0.17133189514946967,-0.04265783405689469,0.20154781950755865,-0.03347982916947104,0.08539346456993831,-0.0394963128734626,0.13306426141933606,-0.03985453953094774,-0.006271989462041684
Visting Team Caught Stealing,-0.03805799640807606,-0.0011665358122498319,-0.00210346313767784,-0.0501856737191522,-0.0817889298885132,0.06456484879230615,-0.012872226451900635,-0.06315076788106772,0.01903205443269829,-0.015301886910793688,-0.029811083274916765,-0.020961186553544224,-0.04948982815642458,0.042411412217025476,-0.04820591895128399,0.006589659736969884,0.022528500493675385,0.021552942516142988,-0.022858724491531077,-0.033753988788101555,1.0,-0.003997036459132608,-0.004389971680275181,-0.07268051924256073,-0.012901188498706969,-0.0833341575962838,-0.08420958875995527,-0.011538279225542264,-0.027792230936195757,0.061300892953639066,0.04095063886949189,0.01949362961648791,0.005691030728779351,-0.004110861883280358,0.04322016929412014,-0.01623192990067348,-0.07520909986165111,-0.012368115376259653,-0.013886640467854486,-0.02693020439385315,-0.07987219900108021,-0.004621743001783905,-0.03941880835358537,-0.030853389171788256,0.017271533301715443,0.011509994831828465,-0.002031945586921984,-0.030989822328279234,0.05708973871422796,0.00670674313470975,-0.051161745281631234,0.0028314601489689457,0.0030604039298966126,-0.04742757959905936,-0.04748118476188509,0.002099699236324315,0.0015725275383774828,0.0627200736926287,0.1422970430590485,0.0014514525849327953,0.027727595670247775,0.06617117311128166,-0.012793170111060154,,0.05656118429413055,-0.07767563700131093,0.07509690575615059,-0.06626370743079497,0.016978648631389762,-0.06241185021123803,0.03924513953386621,-0.06786648986372651,-0.046334456328631604
Visting Team G Double Play,0.017332377272788187,-0.031582167522918876,-0.03296769034362992,-0.003984042826443137,-0.013525220209153387,0.06671459903390767,-0.0035264386491798,-0.06229433386845405,0.1253995645508965,-0.061079367245014456,-0.002951084378458657,0.009793053164747873,-0.012120841429566084,-0.05921162140157304,-0.023520420091538378,0.04255225389164204,0.08110280735669935,-0.0011994231066969987,-0.26758009803507493,-0.0074023090950902735,-0.003997036459132608,1.0,-0.03061612273623436,-0.09812362732970221,0.03757600304867304,-0.010760877534419474,-0.009612405009153694,0.021508737239267536,-0.019478664692306084,0.05963824507773161,0.06464375857925612,-0.03518508431422495,0.03791122685484531,0.00849278037700495,0.00692730529577953,0.047684345535926514,0.0173048253727571,0.048462871172024226,-0.018270803442436565,-0.022371736024269034,-0.012651956559164944,-0.005928215362262834,-0.003319117247955357,0.02985195804488716,0.031059678213314804,0.022897530166457614,-0.009225815031918964,-0.009861316791406843,0.017965553737354832,0.011479641331773836,-0.0005779788723483006,0.0532536858687901,-0.017330347228678322,0.0012465464238986946,0.0010061563205193329,-0.0452856345583895,-0.018802006563863025,0.0695137200432025,0.4205299812088956,-0.011778871300776922,0.02311304404381239,0.9233272691560639,0.036287802741262,,0.19762604629424696,0.013331456672024384,0.2213808985887816,0.022043780762039677,0.0964917269984097,-0.0019262248131195656,0.148035394775181,0.006720431146807458,0.01680847047711689
Visting Team Awarded First on Interference,0.030280638302436526,-0.026024791205037097,-0.026557313932589435,0.030259824162618777,-0.021673425424055138,-0.006581697372254073,0.00266926622016844,-0.007578249799522076,-0.007849606292773061,0.040779110085871234,0.009637970210646836,0.01365672306491864,0.028142045847323795,0.007695468292013056,0.018079372697635536,0.03929784818671729,0.030831438965182097,-0.013161998149807673,-0.006998838733261228,-0.0060891920921017665,-0.004389971680275181,-0.03061612273623436,1.0,0.04757223750146201,0.04363612846856212,-0.029769761606349213,-0.02963292234965848,-0.04426055743916388,-0.020506029578217115,0.003781360412272129,0.023700576474931824,0.013873021235005722,-0.005485413154878359,0.04384583571185479,-0.003010347474177064,-0.009917707708904228,0.001306775662020118,-0.01938780822529335,0.03839529424841394,-0.03886586622773128,-0.025934978288185303,-0.030183334880359652,0.04266302379291342,0.0197258763695175,0.021645381024252522,-0.004518161555065157,0.005086540859785087,0.014291015717591669,-0.001845997035274481,0.05239668494642663,-0.01459489580394273,0.028937396207806765,0.02323400494290544,0.010142016635040387,0.01024908458651482,-0.019581451150113362,0.03925065431627869,-0.019136479533666564,0.01049479374085601,0.2024900663611587,0.01270570560637529,-0.03835563607586704,-0.0030103474741770904,,0.0019168281554593045,0.01680785137519646,0.011142779280992924,0.0179523802656933,0.015790690120337392,-0.017218721100313035,0.015066095987937737,-0.005464328904735426,0.0498461223071865
Visiting Team LOB,-0.0771568642289709,0.008815898818644979,0.008102814814044897,0.20392974001063438,-0.01897125556581665,0.19211212313528422,-0.059292963530029844,0.5282735901746841,0.4838131057714236,0.2845759518059915,0.02899617665178747,-0.05715190904720517,0.19346189230860475,0.12710772629323447,0.11222001120170026,0.2103932588162605,0.559542180634657,0.2707050013426387,0.023791120504938805,0.18863550137775387,-0.07268051924256073,-0.09812362732970221,0.04757223750146201,1.0,0.10305062873619453,-0.019344562290139075,-0.02121334519169124,0.030575709238104917,-0.014510018687119404,0.20495882711392885,0.017179642077503113,-0.0076868988498758695,0.04136744887873063,-0.016463256325338845,-0.008060084277807347,0.17010817073812332,0.024567003084424895,-0.025260000397770065,0.04662861012826343,-0.009698183629075442,-0.012362948782591249,0.02908477857628113,-0.04169528886687201,0.007293852925503025,0.02043109716919149,0.0035584147879485725,0.08581740804608233,-0.03576211261745011,-0.034582909678348164,-0.018753469540677685,0.006701491804928069,0.07780557852076689,0.42070401125198215,0.18125684110859833,0.18131360614555925,0.13871338210500242,0.03435228475843443,0.15796391607078428,-0.016240487799026457,0.24905075684848937,0.04780674450224861,-0.11405225802380563,0.022730141600908298,,0.5226451470142165,-0.026660685734714043,0.6020065181300832,-0.024590521326167805,0.20587164117375284,-0.032943049898255895,0.3631921451820248,-0.03202169524087259,-0.02616639532810547
Visting Team Pitchers Used,0.060794527754302274,0.09294601955665999,0.09326502206846257,0.17502807486230784,0.2566001700182555,0.38683362315439096,0.024918622758076044,0.3270595855794488,0.17732634912214412,0.10072030497677999,0.04421088572386025,0.1724692407661793,0.1737994614348408,0.06227452745656424,0.06530094033134681,0.04874158041275684,0.09308873605377484,0.12598246160222468,0.10218623193335176,0.06375269616906067,-0.012901188498706969,0.03757600304867304,0.04363612846856212,0.10305062873619453,1.0,0.26577020543678115,0.26562382210379,0.1296602658472658,0.017880618431335676,0.35879704955129743,0.03438423378987613,0.02083542527633399,0.07301485104786805,-0.0072870091549491825,0.021207506750037745,0.5121540726362395,0.3368656026660711,0.16195809787317886,0.08290497372737504,0.07878620400295532,0.2551109119576697,0.0891832496842947,0.08407228271250385,0.07167776350037182,0.3786439606659909,0.1744906361785417,0.18814701930947272,0.1016955918227589,0.003010385487256904,-0.0034563790138317334,0.008535928959035429,0.4260448070966581,0.3363403712147528,0.17473719188822354,0.17505644540688,0.06173371678662153,-0.012824588825826147,0.38655525985886663,0.07867118437806894,0.0956230758507362,-0.014840934322099045,0.03159926985416751,0.0017606232018899748,,0.1352134999358536,0.2816985739665709,0.13715639111766226,0.33053141855171886,0.17666503927953298,0.17083384028827023,0.17311949726613693,0.24034528483901374,0.010963704955512915
