,Date,Visiting Team Game Number,Home Team Game Number,Visiting Team Score,Home Team Score,Length of Game in Outs,Attendance,Visting Team At-Bats,Visting Team Hits,Visting Team Doubles,Visting Team Triples,Visting Team Home-Runs,Visting Team RBI,Visiting Team Sac Hits,Visting Team Sac Flys,Visting Team HBP,Visting Team Walks,Visting Team Int Walks,Visting Team Strikeouts,Visting Team Stolen Bases,Visting Team Caught Stealing,Visting Team G Double Play,Visting Team Awarded First on Interference,Visiting Team LOB,Visting Team Pitchers Used,Visting Team Ind ER,Visting Team Team ER,Visting Team Wild Pitches,Visting Team Balks,Visting Team Put-outs,Visting Team Assists,Visting Team Errors,Visting Team Passed Balls,Visting Team Double Plays,Visting Team Triple Plays,Home Team At-Bats,Home Team Hits,Home Team Doubles,Home Team Triples,Home Team Home-Runs,Home Team RBI,Home Team Sac Hits,Home Team Sac Flys,Home Team HBP,Home Team Walks,Home Team Int Walks,Home Team Strikeouts,Home Team Stolen Bases,Home Team Caught Stealing,Home Team G Double Play,Home Team Awarded First on Interference,Home Team LOB,Home Team Pitchers Used,Home Team Ind ER,Home Team Team ER,Home Team Wild Pitches,Home Team Balks,Home Team Put-outs,Home Team Assists,Home Team Errors,Home Team Passed Balls,Home Team Double Plays,Home Team Triple Plays,Unnamed: 75,Visiting Team Batting Average,Home Team Batting Average,Visiting Team OBP,Home Team OBP,Visiting Team Slugging,Home Team Slugging,Visiting Team OPS,Home Team OPS,Win
Date,1.0,0.007856839324354383,0.008171794588772565,0.012926037817016506,0.05232881124378644,0.020274642380794048,0.12524014240660605,0.03338236210529951,-0.015565096340347442,0.018284136087294227,0.017354842831334413,0.15377975884460973,0.006439976555874952,-0.1790508528042799,-0.05986953235677468,0.03919449714400369,0.027471170273209434,-0.07200401607271338,0.1955151474989596,-0.08854942800163121,-0.09450132023090108,-0.026923517822518395,0.016844280415772465,-0.0007274715331870125,0.13467331478311304,0.06020234653891077,0.06062854542491699,-0.002652280490931926,0.016981206433029805,0.013993259490671886,-0.13731281002252116,-0.006625048648509391,0.041831208507237504,-0.002421968100278428,4.375795271007432e-05,0.023045563049286087,-0.03262907522001272,0.007770136136884103,-0.05950575969893478,0.1975614550243693,0.051219771800672206,-0.19603003420230294,-0.08728054552154776,0.026324740487427323,-0.005527836283457588,-0.10420623792350338,0.24390292901566688,-0.09217788088966244,-0.06296002967714542,0.0005959775099672274,0.050631163161106815,-0.09370876521612562,0.13769670959021027,0.023923118444148624,0.02397031152812423,0.05128675911428516,0.014078566457088108,0.02631486152259806,-0.1679929242017668,-0.07626762821098922,0.04745324007904899,-0.03308837786280263,-0.03606023593085105,,-0.04048501080497889,-0.07088513480837592,-0.00941302184717026,-0.04523909911354039,0.07877941464451055,0.07735453732528888,0.04915997192968048,0.03697282144751573,0.06551426026022668
Visiting Team Game Number,0.007856839324354383,1.0,0.9995503800033996,-0.017740611840295944,0.0011914469559139937,0.005488485892258255,0.037708199796943946,0.009577020424722226,-0.009094623052382176,-0.005772814267522431,-0.03852903837513879,0.018133533275709622,-0.021323208833966493,-0.05092968597094934,-0.018131642714185582,0.04385330926210386,-0.06429432745523153,0.03278535918245516,0.025480650234598428,0.023426655863847116,-0.022689318230710423,-0.03516880432788215,0.0191033021357978,-0.01860135124496134,0.11830236286249442,0.008615777986112197,0.00572183771113955,-0.008686195482613812,-0.031735059403683596,0.007044941704857888,-0.021158679170585004,-0.010124596123000512,-0.04701515984026474,0.007450087537418875,0.020266477820179582,0.008576475098712446,-0.005326345410825678,-0.02892692583573439,0.006800923351398852,0.03378933561409324,0.010318935466962244,0.001903459642681762,-0.0740664923302137,0.013487319090446058,-0.03615168732362635,0.0030535839156951095,0.052837917453960874,0.00744950204659492,-0.042711170476158855,-7.706729772573067e-05,-0.009333216257385344,-0.03439916100642273,0.0635706059350971,-0.022880310091732574,-0.023064150640905105,-0.02028662753106868,-0.026768813055442556,0.0031342327321313033,-0.042336426702739335,-0.01916211618790134,-0.013249411927380357,-0.030645202758746444,-0.013018574864453418,,-0.03213321398877355,-0.030559209407532907,-0.0357984650004646,-0.02677094762539061,-0.0066315590855258195,0.0006186086019541834,-0.01844501321122049,-0.009467315170072094,0.03162108904904725
Home Team Game Number,0.008171794588772565,0.9995503800033996,1.0,-0.018584708642270305,0.001208028703253983,0.005159974000276793,0.04095101822754759,0.009168873320851216,-0.01036478679384879,-0.005934657486600911,-0.03997275040841682,0.017403986067123463,-0.02209856893853719,-0.05031447948660224,-0.018134660511506327,0.04363808857457728,-0.06656147640973631,0.03333091715745258,0.027004059032344086,0.02193726328034222,-0.02319024917453918,-0.03682802933736007,0.018155410848537543,-0.019955247960730303,0.11804274270039457,0.008385114557687944,0.0054798653490944794,-0.007137788387008847,-0.030808977808611276,0.0064530341537701015,-0.01992654850519935,-0.008415275936288106,-0.04784677882213034,0.0074880974817440665,0.021851985628350265,0.008364761748804989,-0.005502341379014237,-0.028920682299841915,0.005660534039966477,0.034281284891523836,0.010207733852420839,0.0017426859766186287,-0.07449448961748098,0.012435386439783714,-0.036051143261686576,0.0026746246160304628,0.053311825351382555,0.006809907391475867,-0.04205421248657424,-0.0002338000355604586,-0.009913438920407155,-0.034400123951671996,0.06202678640469891,-0.023817091861856324,-0.02402762382802946,-0.020194305708981748,-0.02648808350002276,0.0031551563994436935,-0.04413059171496799,-0.018665149293092653,-0.013084871260483799,-0.0325906512171842,-0.012237395086267528,,-0.03386049542937323,-0.030683261993794755,-0.0379061015453703,-0.026820207984566857,-0.008084552152767373,0.0007354834009472225,-0.020243664255729297,-0.00940439531153779,0.0315951139364283
Visiting Team Score,0.012926037817016506,-0.017740611840295944,-0.018584708642270305,1.0,0.02143921242679678,0.19261821616228791,-0.12509555427086178,0.6305575977133653,0.7861357161018206,0.4293539287114299,0.20837995180944008,0.5427403310152344,0.9873652902883325,0.10641975706238954,0.288111839204004,0.1343498316677705,0.3979611882560514,0.14470944798574936,-0.12426636295667617,0.1739600677760241,-0.04450511129231645,0.012819871859461702,-0.01068530452366885,0.27413935994712213,0.21139633692674276,0.025506469534360327,0.02523984856259942,0.07249452984993188,-0.03311796412169352,0.3204586047568278,0.04887977176366594,-0.015084156786271142,-0.001380745597035978,-0.018781314373788816,0.07793776724741318,0.3117859485809219,0.09261383029473647,0.031206674161132743,0.04321283334557841,-0.026046122388196372,0.021952500154221722,-0.07733690941830558,0.03568906134719505,0.013596832326366071,-0.007512343833170861,-0.13703096314364796,0.14159300353642423,-0.06601730778150446,-0.09290774165502284,0.0034718647493308277,-0.023785380169794042,0.110229872311025,0.40258285085540646,0.9674955924469603,0.9644549930565542,0.2033676411497415,-0.0010956923538836183,0.020311779160579628,0.06180490532570308,0.2937498411396255,0.09179452660093677,0.02259954525634544,-0.024587509905434117,,0.762260193574158,-0.03317014466436957,0.7398064815715354,-0.0409678223071382,0.7892084168710305,-0.04085487341636636,0.8186122171541549,-0.04350512445204347,0.026430677139237205
Home Team Score,0.05232881124378644,0.0011914469559139937,0.001208028703253983,0.02143921242679678,1.0,-0.14612864140451992,-0.023547710170885874,0.06402584536600552,0.027464964636317184,0.016683051275124136,-0.021731926750648663,0.0411148175879732,0.020403023959948616,-0.09420271590818341,-0.045866078514698844,-0.058487497408953024,-0.03006591579016975,-0.13247521670489745,0.0050133160933741455,-0.021088984280956808,-0.12272908705442545,-0.026309139672807624,-0.004398031230318918,0.007382642661908553,0.3138877770050901,0.968465093671584,0.9656839734176085,0.16947107157468733,0.09046507548557674,-0.2647217770295035,-0.04662065314217183,0.17616159607955115,0.09926303957772256,-0.032513952656372525,-0.013383563886366889,0.393110748015894,0.7377400627522598,0.43538099435856276,0.21944927884248677,0.5936611030722047,0.9872421337562589,0.13750049893508393,0.22996264057092639,0.10118539653882078,0.3584808872356976,0.1308944215313887,-0.1489852131519138,0.13541393826965978,0.02134315046717277,-0.03882748319931313,-0.007558827226156389,0.14944768268039563,0.08079769837062543,0.015924228816044946,0.014865032097854766,0.06449321234784156,-0.029709609972995984,0.011058269578893411,-0.040740389981633575,0.009566855194944435,-0.0002304389344691951,-0.017287504015620115,-0.0007464244450243643,,-0.017921086562551935,0.7625185083567074,-0.014332165362114478,0.755003104098813,0.02290419682375496,0.8100728969592621,0.009758946866728159,0.8414360104249228,0.016509733531188737
Length of Game in Outs,0.020274642380794048,0.005488485892258255,0.005159974000276793,0.19261821616228791,-0.14612864140451992,1.0,-0.024476263861142704,0.6741427006586789,0.2791150357548487,0.10036683082646652,0.04800937276740496,0.13965102675450863,0.18466010626039778,0.1572466390918562,0.022982439099247503,0.04288031245625445,0.2053045590405088,0.23065439709085317,0.1363378797164464,0.09988331839845144,0.06507916673153613,0.07384726308503625,0.019027539526307535,0.2795050103961656,0.4309693684630652,-0.13594194227783596,-0.13615758091028496,0.08949018239424836,-0.026302353568200106,0.9701954537783599,0.2931903187370226,-0.009694141229560279,-0.002805855891982953,0.039430108646520017,0.0033242214214207026,0.6448714800854926,0.02006531948835858,-0.006697195600919881,-0.0041616444209925324,-0.09032462068404173,-0.14406158795715826,0.05722160483011821,-0.00904193909977262,0.0014754045010267618,0.13735341322960007,0.16409096946020343,0.32450846407997375,0.03894889812516908,0.057774488324997486,0.042725270866861675,0.026909905981036902,0.26440051069627546,0.43524043523352973,0.1967234473005343,0.1971215837102448,0.09657664060682479,0.028485754704876486,0.9549317400283932,0.2711881750359852,0.04701413339289826,-0.0009832592858231575,0.07109477202886146,-0.011944126810719383,,0.13015831860819074,-0.17717220247410478,0.1321998407998484,-0.15918954398437188,0.11362545577970008,-0.21392629243820807,0.12790228010513935,-0.20734984655891137,-0.02317692567526217
Attendance,0.12524014240660605,0.037708199796943946,0.04095101822754759,-0.12509555427086178,-0.023547710170885874,-0.024476263861142704,1.0,-0.06652681904303338,-0.11632648175807457,-0.0918233131417047,-0.09102679821258922,-0.041844080390888445,-0.12558641165484474,-0.025344702012052456,-0.053562792111175206,-0.005962784442583688,-0.17577336109182756,-0.003941498367357121,0.11721696115350284,-0.031968531767987696,0.009403634984735768,-0.0498982303134116,-0.009117530465447693,-0.11190919146444062,-0.10319199978076571,-0.018372465227273198,-0.017648635152425526,0.024698733472259156,-0.019977244073168154,-0.04172470250140767,-0.0329391645386395,0.00802438842776659,-0.041798502682113395,0.007443118816712616,0.03058914217119573,-0.0720425733523119,-0.03799140376205187,0.015956065188800175,-0.05941307246093448,0.044786660473966594,-0.026872779008507913,0.01993588500690259,-0.007812155297817434,0.045698134214792706,0.0036955759710669803,-0.015196374460978329,-0.05693734703244189,-0.003013938339798695,0.024837127088425864,0.017115526658647028,-0.00812816984806641,-0.026628164753992673,-0.05074268499588613,-0.1384468789271928,-0.1384096651226255,-0.028588256979415264,0.024743078917364898,-0.0013517437760841421,-0.00483983273221742,0.020096583007084654,-0.028502111236432533,-0.0633244793593896,-0.0020648650273298237,,-0.14394181354874816,-0.008511611012430967,-0.17528751815970495,-0.0028974463118236963,-0.1222640933417767,0.01869445696566277,-0.15054355374730746,0.011905924084462024,0.0530915194400916
Visting Team At-Bats,0.03338236210529951,0.009577020424722226,0.009168873320851216,0.6305575977133653,0.06402584536600552,0.6741427006586789,-0.06652681904303338,1.0,0.815738937326233,0.37822677632626395,0.14909811344710788,0.3491037523014944,0.6234948247394962,0.03771165332613143,0.05366924731866615,0.04386767038384255,0.22489155406494282,0.21906258455778202,0.02534377723417366,0.16517414747760467,-0.07571523584310119,-0.004299599946587422,-0.014934421694008592,0.5952942259892399,0.3982807082379849,0.06871155356464384,0.06832656474431986,0.11240170830230159,-0.02622619066018263,0.6862077144155367,0.18764784596363104,0.01245572132413897,0.0032167352311875575,-0.012349960161748259,0.04218409279575469,0.577021028907628,0.15088708766724201,0.06827541599851795,0.07479424795727908,0.017685267310483282,0.061569936458478414,0.014312924370712089,0.0599441434498184,0.01754865257548738,0.11903208895319643,0.05079269251353199,0.2230269176241864,0.006897596453931008,0.0038451987913870854,0.004779289593253017,-0.00433757609958695,0.2148480432014633,0.532227345534481,0.6173605672272285,0.6156774770051976,0.1759705953472898,0.005319929344400865,0.6043700809779128,0.1704939884750188,0.22271077635676342,0.04428362090435277,-0.02315473335005043,-0.037418959257572805,,0.6036488911850485,-0.019389597968606433,0.5660723348024259,-0.017812665964312524,0.5714078706541685,-0.02968874956228603,0.6045960244290874,-0.027193940403257514,-0.007534363410219213
Visting Team Hits,-0.015565096340347442,-0.009094623052382176,-0.01036478679384879,0.7861357161018206,0.027464964636317184,0.2791150357548487,-0.11632648175807457,0.815738937326233,1.0,0.4842407585419017,0.19352097195491272,0.38090801415804953,0.7828255146049434,0.11971813011962693,0.22114807276716855,0.08604740257014418,0.2728455933013421,0.1926344238999019,-0.16128125345161348,0.1940566265791613,0.022018036895469075,0.16954172084626382,-0.038466410117216056,0.5898409090366628,0.22848647206452954,0.035601829421712486,0.03543674562493237,0.06467934597133708,-0.02773125110796039,0.36639892304771604,0.07163331561697955,-0.01161550651009313,0.00014144733725503575,-0.015107792295495904,0.05289433092021539,0.33716946836014366,0.10324101060011255,0.03498553546168319,0.06797029106218042,-0.02187377069029947,0.026997171537560108,-0.030498294360109864,0.047376530772123976,0.003927878739984613,0.0038222147868368556,-0.08450584383890003,0.11609233618841655,-0.03145269022853853,-0.053257902132967494,0.006915109921159207,-0.0058707935352770736,0.1140075343834915,0.4522809724759163,0.7829068009809986,0.7812054619467897,0.17076569043339554,0.014271448019605016,0.1494307034381531,0.17599629492761512,0.21062521220003685,0.06125298137011527,0.1762333663741248,0.0012555044351452763,,0.9180999316683478,-0.021217867704766823,0.8571404985356884,-0.032460797767271815,0.8040503403651129,-0.03101715297139839,0.8744441165793686,-0.03353122075921692,-0.0004961626586498357
Visting Team Doubles,0.018284136087294227,-0.005772814267522431,-0.005934657486600911,0.4293539287114299,0.016683051275124136,0.10036683082646652,-0.0918233131417047,0.37822677632626395,0.4842407585419017,1.0,0.049170734033992726,0.03146722255277205,0.4320461606358005,0.0658264954872466,0.177053413075072,0.08369336557507712,0.19236923317126045,0.20394106022059388,-0.0855328363701803,0.061397142184640825,-0.0500431174485483,-0.0060676123541090945,0.009706286862691916,0.3173453761711372,0.13698842172766434,0.022626396398275586,0.023224349985105495,0.04715599068959614,-0.0115155183948948,0.16100659647254434,0.04475920202299178,-0.020882236317954533,0.015913383300298237,0.01456666157944465,0.024487165988799818,0.14568685628841455,0.04535899984743948,0.03807535625827239,0.023815502826844262,0.007117044691678086,0.01772615630741768,-0.005675079293042501,0.002913141212251485,0.0074662458727330835,0.016121667127099365,-0.024998433127381686,0.05378649188135327,-0.021987099288964026,-0.016633350293522996,0.028731466466444252,0.0018887144460100892,0.0522404400968428,0.24834973379201578,0.4455000542647893,0.44717675856314226,0.11917109568143004,-0.014917545500846448,0.01790083860868093,0.07405670722445246,0.06617974746055813,0.03691674065192563,0.004081788622340209,0.010327788038166788,,0.48110967570133084,-0.0029889738032850494,0.45292915996399913,-0.005668282666008564,0.4961722683168482,-0.00010206147389589319,0.5098943390777558,-0.0021663085806648674,-0.005137331666291986
Visting Team Triples,0.017354842831334413,-0.03852903837513879,-0.03997275040841682,0.20837995180944008,-0.021731926750648663,0.04800937276740496,-0.09102679821258922,0.14909811344710788,0.19352097195491272,0.049170734033992726,1.0,0.02458509593277786,0.20361601978987806,0.0258499624028158,0.11273074628323883,0.07696932222927322,0.07075921475917755,0.01833520602420174,-0.03366519054763114,0.0753215176768785,0.010855356016385105,0.005328897836207883,-0.034257232700685564,0.09779009658275148,0.03611458424155132,-0.02968452814889544,-0.03026808713188489,0.03681454266892993,-0.02314869001753794,0.08264592340538451,0.012102700185229834,0.004983926078896126,-0.013436303997470249,0.008682227359309064,0.03438330987269757,0.07511798873372309,0.008381377013811753,-0.025457155733960287,0.02519896080231412,-0.044364885620061106,-0.02388146651696255,-0.020016351426433203,0.003914716878772787,-0.05913610945439791,-0.03746645587868769,-0.059135021944340685,0.062172514685717946,-0.018431409455946353,-0.048589501415173736,0.021665571097213322,-0.028464316272147402,0.007364903835584985,0.10262949010510501,0.2077895870154922,0.20786495870171956,0.047851132245995534,-0.00849002670091015,0.0016661839055681592,0.006797610465116562,0.06477949774235817,0.0009902731516131728,-0.009491895676986408,-0.013385868729064622,,0.18456628263355612,-0.03806853520562062,0.1764688183704132,-0.0464793666251157,0.2553112405115702,-0.04287454691963713,0.24024530647468106,-0.046944630876855686,0.054255761623647814
Visting Team Home-Runs,0.15377975884460973,0.018133533275709622,0.017403986067123463,0.5427403310152344,0.0411148175879732,0.13965102675450863,-0.041844080390888445,0.3491037523014944,0.38090801415804953,0.03146722255277205,0.02458509593277786,1.0,0.5557967856374059,-0.016997189622009044,0.021488094261430158,-0.017429482085684272,0.136924148776762,-0.007436429030616891,0.0023525008460738807,0.023506152684902037,-0.03133365373145467,-0.03923169404299364,-0.02328946387549287,0.009147120287148125,0.16760477795470222,0.05107774083919146,0.05150197967179534,-0.0053847933681783165,-0.004086972508127356,0.2017057976028837,-0.01653724593838798,-0.024325182605857098,0.02045534360206368,-0.03445095103208866,0.055113903851510916,0.19133210620027877,0.050665151881069403,0.02101004604418563,0.031572946525497365,0.03133768241233602,0.04205288952189914,-0.07031863720566096,0.009614330168476005,0.057920063038008854,0.03965112208013324,-0.08393040886141889,0.10725770766606671,-0.044451837144115464,-0.050616928160751175,-0.02773736753211147,-0.029681067753990566,0.06885884569765041,0.24108163001178196,0.5507170848801997,0.549018723836726,0.005335129957803733,-0.0017362021697830473,0.05224711915624397,-0.04538994555115587,0.048172160112049875,-0.0038217776008513493,-0.03756837463651287,-0.03369291775960224,,0.32051121378545183,-0.010134690027700715,0.32118840525482834,-0.00543014388104706,0.7559264001368962,-0.0003757714660008413,0.6326117018153801,-0.002268273187539197,0.01963828732542375
Visting Team RBI,0.006439976555874952,-0.021323208833966493,-0.02209856893853719,0.9873652902883325,0.020403023959948616,0.18466010626039778,-0.12558641165484474,0.6234948247394962,0.7828255146049434,0.4320461606358005,0.20361601978987806,0.5557967856374059,1.0,0.10596161941913544,0.2833723445632339,0.1296803026022448,0.38921085471774863,0.13532260083225292,-0.12358989807524097,0.1626749129486705,-0.04490732327108943,0.007141436276644712,-0.023990652019022042,0.2720128657313555,0.20976578044113303,0.024605310519896943,0.024519172279006546,0.06816857809645942,-0.03857387394003877,0.31046150646833404,0.04590148775919176,-0.014832783608458421,-0.006791826688205828,-0.010615655020155431,0.07684144523302046,0.3056322474285502,0.0973546326666513,0.029270158803516483,0.045789738662581306,-0.026733029591808687,0.020789886907346223,-0.07457124134960008,0.037572825788883074,0.017662311089712335,-0.0021913874577943375,-0.13708387874803313,0.1331161771469578,-0.07220137530845626,-0.0846465153746875,0.011628093025870643,-0.021970852581393228,0.11851779210468709,0.39645815911063376,0.9702139922769469,0.9669212870309953,0.16237134843512033,-0.012345527363387588,0.015500445531242137,0.05890111019671193,0.2420879571430835,0.07835732130237597,0.019366827218731758,-0.02278557547871381,,0.7575684279627322,-0.024742476483373993,0.7339071376705475,-0.031195640285558567,0.7963986937234745,-0.037027753426115036,0.8211284086147758,-0.037235869807016084,0.028467437931349756
Visiting Team Sac Hits,-0.1790508528042799,-0.05092968597094934,-0.05031447948660224,0.10641975706238954,-0.09420271590818341,0.1572466390918562,-0.025344702012052456,0.03771165332613143,0.11971813011962693,0.0658264954872466,0.0258499624028158,-0.016997189622009044,0.10596161941913544,1.0,0.0374524112660593,0.03982299044579014,0.095329335066844,0.11151055137241526,-0.07844621997235361,0.09137933290533636,0.04270985637961466,-0.059565981392057425,-0.004793098524503225,0.14248146430207656,0.050926215549888465,-0.08644884360637207,-0.08795191976932222,0.01958019194863626,0.005069801951509851,0.18441893497225723,0.03325302453943487,-0.01649005939750167,-0.019138222479157557,0.07236791460328587,0.010613003485094303,0.10618883884870452,0.0043849184549542616,-0.06309268003055331,-0.02680497838982357,-0.09675068909500975,-0.08778774310849831,0.10284896054451069,-0.026463879909855943,-0.009371818886750954,-0.008443278038171584,0.04121048261688819,0.00444706825402002,-0.047114805195492764,-0.021733979371019112,0.061630075543671475,-0.0004425092213928933,0.0855549493117899,0.1180368345166173,0.10492974671495486,0.10540389504104158,0.03343257141302402,0.04340104343808825,0.11113534833089801,0.11855151369648603,0.09723591565861922,0.010555762508959106,-0.04884564740301497,0.010613003485094252,,0.21808687470619892,-0.024330794408821778,0.16533540261457946,-0.03972800849534286,0.0873180931428232,-0.09951896904615742,0.12321270539619969,-0.08376941113267826,0.0017690871781947347
Visting Team Sac Flys,-0.05986953235677468,-0.018131642714185582,-0.018134660511506327,0.288111839204004,-0.045866078514698844,0.022982439099247503,-0.053562792111175206,0.05366924731866615,0.22114807276716855,0.177053413075072,0.11273074628323883,0.021488094261430158,0.2833723445632339,0.0374524112660593,1.0,0.11796449412227436,0.1289012694398243,0.06565253087728055,-0.12382325492581486,0.07367774754612755,0.0006926466369437467,0.02787628654590381,-0.01357225812765723,0.10115624092908122,0.013020061058811523,-0.05025792928038,-0.049405443910643616,-0.016382737754656318,-0.021994388081832114,0.07467150038476496,0.0337656741155092,0.02508666336125324,0.0030305580841649025,0.01844485015830348,0.02142534184399212,0.06713156925381096,0.014730768174596062,0.0047467123378968626,0.0008296399726889245,-0.06644393692262064,-0.04381330717498588,-0.034004908450599274,0.015186986127011522,-0.005362638344427351,-0.07266562093980222,-0.09704841100524564,0.003362710918044496,-0.023659381675390247,0.012416142565286743,0.024969732955085464,0.01819385362152714,0.014971359313057315,0.09365702342872387,0.26964843288245527,0.26934064733126695,0.073751669326567,0.000762423979519262,-0.04220699039777753,-0.0374515305443077,0.1598641202393037,0.05617336689422329,0.04719836164052962,-0.017182699894688434,,0.33605948020159326,-0.03711876942405635,0.23544495521235795,-0.04526618379958539,0.2075194183565123,-0.04928898125926564,0.23124877190980433,-0.05094882178041891,0.029676690875018612
Visting Team HBP,0.03919449714400369,0.04385330926210386,0.04363808857457728,0.1343498316677705,-0.058487497408953024,0.04288031245625445,-0.005962784442583688,0.04386767038384255,0.08604740257014418,0.08369336557507712,0.07696932222927322,-0.017429482085684272,0.1296803026022448,0.03982299044579014,0.11796449412227436,1.0,0.05835846588564502,0.0321573537566944,0.009398687445524512,0.05170878374527095,0.028470274858926944,0.03056123394053281,0.04677230782215292,0.20664733980545077,0.029548184020851232,-0.04495011632358814,-0.04557592804984837,0.015404777117788076,-0.021314649565871095,0.07501118728050411,-0.010271211390172796,-0.04375649531288072,-0.04668679562848253,-0.010153320828383444,-0.02052811036427692,0.04866620669631488,-0.01786872144748076,-0.03642874767561029,-0.03451279886263403,-0.010435078889347221,-0.054129993974733455,-0.039786143699438316,-0.04400575822226004,-0.017410172321761404,-0.029548557955068493,-0.02102534760243785,0.05017685862378735,0.04753368464286421,-0.024883441145183212,0.02025746703036299,0.04573933440732657,0.020080670044993455,0.07849565160758729,0.13651228404630372,0.13576485904664187,0.03576602710851468,-0.006163905604548844,2.476818614504099e-05,0.023466014343844856,0.05832179928817437,-0.011050610210214182,0.033675911946307445,-0.020528110364276878,,0.15881140188337617,-0.04722814567725197,0.2172192523562756,-0.04572210803613068,0.06656815571040751,-0.042945572665719196,0.12958117103043668,-0.04671398981563741,0.006239560601089751
Visting Team Walks,0.027471170273209434,-0.06429432745523153,-0.06656147640973631,0.3979611882560514,-0.03006591579016975,0.2053045590405088,-0.17577336109182756,0.22489155406494282,0.2728455933013421,0.19236923317126045,0.07075921475917755,0.136924148776762,0.38921085471774863,0.095329335066844,0.1289012694398243,0.05835846588564502,1.0,0.31873154383732166,-0.03665557266365933,0.20080671439846817,0.02909402168812399,0.09951312126935576,0.01499285892596647,0.6100895570296441,0.1982812396883997,-0.023974062676222582,-0.023626058632395447,0.031721281658504505,0.0008091576958582425,0.2604138803845839,0.07600778696491584,-0.009980697570508366,0.04489190383711874,0.049690262633786404,-0.03891024333651608,0.2211154861507102,0.055102756003097005,-0.01788443165284945,0.04240787994281464,-0.03817050949478949,-0.02989903523535161,-0.008965294393505928,-0.019081789627773165,-0.019348333913889904,0.005673166593063914,-0.01943661222114506,0.13190970690042023,-0.010447790263711966,-0.02366243193761135,0.037717511498246384,0.033282133737300636,0.09973952306523061,0.43473546092440934,0.39992390671795525,0.39926916687060554,0.159511064736041,0.020858124832709612,0.12105245530367394,0.03891645768794258,0.05279933379062707,0.0841489833927235,0.1239845629824917,0.04293242579377288,,0.46849932283982715,-0.02987226061010886,0.6295039070747023,-0.025329866337907375,0.26416517098009396,-0.04995293744478898,0.42331778945560444,-0.044039623782993684,-0.025912424599501438
Visting Team Int Walks,-0.07200401607271338,0.03278535918245516,0.03333091715745258,0.14470944798574936,-0.13247521670489745,0.23065439709085317,-0.003941498367357121,0.21906258455778202,0.1926344238999019,0.20394106022059388,0.01833520602420174,-0.007436429030616891,0.13532260083225292,0.11151055137241526,0.06565253087728055,0.0321573537566944,0.31873154383732166,1.0,-0.049675942796713134,0.15899595444528974,0.047425231764410256,0.03811995975026736,-0.020560473979494544,0.328721041404562,0.07532612756314472,-0.12131797647725569,-0.12048563012170352,0.0007751062892156332,-0.005443284305002065,0.26782933575974366,0.08337587133698268,-0.060131240384654935,-0.011496315889850386,-0.00436766688586002,-0.01820113674084999,0.14517098726885144,-0.04534602318092038,-0.016743222804914113,-0.014535312771050631,-0.07560999322029474,-0.12078037103294649,0.009619195782201426,-0.0242146324760467,-0.004156115944371902,-0.024641528259293485,0.03072083704796968,0.10678131549300193,0.029103235704531338,0.02685562839549126,-0.007283486494822992,0.008139685047338216,0.06963216677488289,0.20991833747098537,0.1485076696872317,0.14962717028718459,0.10387443873506423,0.010212184067695328,0.16630240926757126,0.1054564228327014,0.057643982220475655,-0.01012917118264797,0.03353219256432761,-0.01820113674085018,,0.285567221389905,-0.11360682155603964,0.2621926947650029,-0.11230277705641133,0.12628436192166526,-0.11861482807361778,0.18721946922483362,-0.12385467956980892,-0.0631667565685308
Visting Team Strikeouts,0.1955151474989596,0.025480650234598428,0.027004059032344086,-0.12426636295667617,0.0050133160933741455,0.1363378797164464,0.11721696115350284,0.02534377723417366,-0.16128125345161348,-0.0855328363701803,-0.03366519054763114,0.0023525008460738807,-0.12358989807524097,-0.07844621997235361,-0.12382325492581486,0.009398687445524512,-0.03665557266365933,-0.049675942796713134,1.0,-0.02212662675188889,-0.04728100144359405,-0.21020559876155712,0.025271244666912544,-0.023896913834429098,0.07626337903322186,-0.0017434667975540234,-0.0002884638590094305,0.01736955666024059,-0.01106861337574098,0.09834949182363084,0.005949397893214556,0.042943515819543525,-0.01336282199227728,0.011301786445558862,-0.0373673121813734,0.05775775316243574,-0.005293243739330681,0.00885728944926728,-0.04538893450307314,0.039535653069128956,0.005458447844976221,0.026652094145062078,0.043665481151296114,0.08799369082899115,0.032700118244340236,0.04221460881055907,0.05762605849865448,-0.023617575831637837,0.0018413675500583587,0.018601591171133795,0.03204230350183419,0.0400991819943324,0.07760992645056465,-0.11738001830505239,-0.11814074287619314,-0.014560393478666932,0.02241768658413963,0.1717484223883543,-0.4276657850937793,-0.10145567439352189,0.020459685931640856,-0.22766200464467393,-0.04383199926978631,,-0.21505932717569107,-0.014314306120738994,-0.1961347779500486,-0.00487044368807772,-0.14265775380334567,-0.0017170285138300547,-0.17237351590953714,-0.0029924173107688462,0.07338819447892801
Visting Team Stolen Bases,-0.08854942800163121,0.023426655863847116,0.02193726328034222,0.1739600677760241,-0.021088984280956808,0.09988331839845144,-0.031968531767987696,0.16517414747760467,0.1940566265791613,0.061397142184640825,0.0753215176768785,0.023506152684902037,0.1626749129486705,0.09137933290533636,0.07367774754612755,0.05170878374527095,0.20080671439846817,0.15899595444528974,-0.02212662675188889,1.0,0.04299575014620508,0.00021943053688372,-0.006667576654043581,0.22124043889862158,0.08440957364063337,-0.02499244246252052,-0.02438996376888372,0.03769943374998942,-0.021294790508597918,0.13491299016586275,0.054939010974521994,0.041600192227243836,-0.025913471818398082,6.163083865737211e-05,-0.02296323422422936,0.09560636116608531,0.0066028395987486445,-0.0011496442228599473,-0.005108678312119187,-0.02858251619534949,-0.02740504678099635,0.0003365506603546539,0.019462554535675778,0.032574622521650956,0.051017052844548126,-0.02221403795420751,-0.0014406824063059,0.03586427462148979,-0.00896402877360576,-0.007803195186236058,0.02412156248592493,0.08213097823283609,0.1833217479273748,0.170223528546344,0.1698707043325631,0.01884753831070078,0.024868529776895677,0.048826908915121946,0.03526655074717787,0.11469511022278343,0.0025145782211012445,0.006948770079101326,-0.022963234224228798,,0.23177341013572625,-0.022282615225633497,0.2425674103170468,-0.006267240928969417,0.13239836660086549,-0.042375256646719824,0.18364700870677056,-0.03173234928602316,-0.007780423654819143
Visting Team Caught Stealing,-0.09450132023090108,-0.022689318230710423,-0.02319024917453918,-0.04450511129231645,-0.12272908705442545,0.06507916673153613,0.009403634984735768,-0.07571523584310119,0.022018036895469075,-0.0500431174485483,0.010855356016385105,-0.03133365373145467,-0.04490732327108943,0.04270985637961466,0.0006926466369437467,0.028470274858926944,0.02909402168812399,0.047425231764410256,-0.04728100144359405,0.04299575014620508,1.0,-0.0007886425331399046,-3.6967206596089725e-17,-0.06734827135646468,-0.017267444785349837,-0.11365957518169681,-0.11283170388059201,0.012484481440222614,-0.025446340889198147,0.08184117908890695,0.019091705308106176,-0.06499830276541652,-0.018714315951695613,-0.0035329858253415293,-0.01796515316792964,0.011987552748762032,-0.04553018031110911,0.036317037704824376,-0.025686810110015328,-0.058174469135076456,-0.11886055003582913,0.02954570088850176,-0.02350444742796758,-0.00972908953199014,-0.06630380967042014,-0.0068696808758787,0.0036423986981674113,0.051829413148738894,0.010555831149267513,-0.004682276183828751,-0.03820191367476543,0.016559622350584915,0.04905364834341261,-0.0422379993442174,-0.044547735572055436,-0.005942003639779716,0.0375112573188493,0.0392382444572327,0.18096452465275556,0.028698792973466388,-0.0025104164906813446,0.07817020478807495,-0.017965153167930042,,0.07611039837445213,-0.07153377553790732,0.08748468227835217,-0.07117509420078197,0.020004406574735522,-0.05760319559390358,0.047623678580398704,-0.06629831984795093,0.010494307477108092
Visting Team G Double Play,-0.026923517822518395,-0.03516880432788215,-0.03682802933736007,0.012819871859461702,-0.026309139672807624,0.07384726308503625,-0.0498982303134116,-0.004299599946587422,0.16954172084626382,-0.0060676123541090945,0.005328897836207883,-0.03923169404299364,0.007141436276644712,-0.059565981392057425,0.02787628654590381,0.03056123394053281,0.09951312126935576,0.03811995975026736,-0.21020559876155712,0.00021943053688372,-0.0007886425331399046,1.0,0.037628728392598274,-0.002811121147524281,0.007638773172554527,-0.016597772090918124,-0.014896693530756094,0.0017225949269975888,0.04112765524322217,0.07405981030243962,0.0028524125513055866,-0.018493307538830238,0.025169405781628025,-0.001214913561154798,-0.01065760378040071,0.0444730338139913,0.0015456269455468487,-0.012797136279778281,0.016039532098547946,-0.0246401304433341,-0.02224600630050727,-0.0027562521574257914,0.0008247730862359545,-0.040137408813080734,-0.011495181271941336,0.03539669013548027,0.03875860941791233,0.056421913693222935,-0.017328868833956648,0.007106915602837374,0.06562014247328606,0.0042147569472525985,0.05528197069956631,0.0034070128625694144,0.004309509027717377,-0.028568167804711168,0.016341804019811997,0.06756272921362853,0.3525744877967252,0.055995069987720386,-0.026718323741040412,0.922267480342654,0.05528065870230583,,0.22819830373378244,-0.016318202155315487,0.2410016083875184,-0.022628544719403156,0.10218116459395109,-0.023750143170620783,0.16276694310168913,-0.024851904241227588,-0.04895089189859281
Visting Team Awarded First on Interference,0.016844280415772465,0.0191033021357978,0.018155410848537543,-0.01068530452366885,-0.004398031230318918,0.019027539526307535,-0.009117530465447693,-0.014934421694008592,-0.038466410117216056,0.009706286862691916,-0.034257232700685564,-0.02328946387549287,-0.023990652019022042,-0.004793098524503225,-0.01357225812765723,0.04677230782215292,0.01499285892596647,-0.020560473979494544,0.025271244666912544,-0.006667576654043581,-3.6967206596089725e-17,0.037628728392598274,1.0,0.026260031495156412,0.042403826125616925,-0.009928375001459431,-0.009753343728397127,0.05838758278641967,-0.017950155804057503,0.019981179208223294,-0.010886034136216442,0.022059559734098528,0.005238612781583629,-0.014466281179429852,-0.0035202321514761514,0.03786461204210434,0.010019573941902456,-0.04137236716176747,-0.004589161409181786,-0.02436492927112002,-0.0031853469814312487,-0.04163777899479233,-0.029844577319125872,-0.00022876723702799432,0.002920045232568578,0.017768504430745055,0.033728788155754454,-0.03500693900088483,-0.013397538047446278,0.00133690189720879,-0.007485580752292207,0.030813227298127896,0.017247195743715357,-0.0259157531041688,-0.028250317088383842,0.03790897118501762,-0.017712893112173247,0.0163072186663741,0.01959333426527427,0.17778801531219798,0.0014757317282212805,0.029029666411089627,-0.003520232151476171,,-0.03735554346900574,-0.015548707793867002,-0.021558767560176745,-0.005157294281338274,-0.03768287099389817,-0.033566343735836654,-0.033704699907830336,-0.02520717396268428,-0.018375772183398392
Visiting Team LOB,-0.0007274715331870125,-0.01860135124496134,-0.019955247960730303,0.27413935994712213,0.007382642661908553,0.2795050103961656,-0.11190919146444062,0.5952942259892399,0.5898409090366628,0.3173453761711372,0.09779009658275148,0.009147120287148125,0.2720128657313555,0.14248146430207656,0.10115624092908122,0.20664733980545077,0.6100895570296441,0.328721041404562,-0.023896913834429098,0.22124043889862158,-0.06734827135646468,-0.002811121147524281,0.026260031495156412,1.0,0.21432067142002909,0.014262742456437154,0.014049341578294879,0.04038936625751257,-0.010162040144620695,0.3010287341905087,0.08162550377948612,0.004383039152147557,0.021695499888793233,0.027782858986262444,-0.039212650035579714,0.2629955034939149,0.08060870998629509,-0.007668097152318072,0.06521668388025088,-0.019764670300679497,0.005104706411813786,0.025320097690535084,0.007417727775171451,-0.019996983404171984,0.016152497130816332,0.010907518291711289,0.09389038130968193,0.00882355972915237,0.002921756498729259,0.030480416512219898,0.03375219347427692,0.10039500302073046,0.462573161533112,0.2786067040500563,0.27806722704825815,0.14731571506767405,0.014586241834328603,0.2303393514626748,0.044688668845387275,0.1479216284559507,0.05691042896073409,-0.01554193209649272,0.0009846875272957166,,0.6189321451819824,-0.00747544284174298,0.6834410622352037,-0.011153953277598536,0.3276005964993691,-0.027271487433086255,0.4869554661098034,-0.023054354180219738,-0.0341361198917138
Visting Team Pitchers Used,0.13467331478311304,0.11830236286249442,0.11804274270039457,0.21139633692674276,0.3138877770050901,0.4309693684630652,-0.10319199978076571,0.3982807082379849,0.22848647206452954,0.13698842172766434,0.03611458424155132,0.16760477795470222,0.20976578044113303,0.050926215549888465,0.013020061058811523,0.029548184020851232,0.1982812396883997,0.07532612756314472,0.07626337903322186,0.08440957364063337,-0.017267444785349837,0.007638773172554527,0.042403826125616925,0.21432067142002909,1.0,0.3125690393682511,0.3110592894437464,0.15504189047212702,0.02420018079215826,0.4008906665765488,0.06312089116430392,0.05851414494267045,0.06176828260985469,0.03467981407671719,0.02233825849510366,0.538745075987371,0.35939160457248404,0.18376707061102593,0.08184893461839816,0.14437598676419336,0.3098593127791805,0.06905616674801614,0.08348598749617588,0.12192464674918985,0.41157804063816117,0.16615556327952682,0.18663837209672013,0.12282538384773319,0.018068103860649956,0.03211412625809614,0.012060869268016023,0.44871819105242533,0.42888751594274227,0.2149126004010679,0.21498804929615367,0.05975155834465265,0.05078810536702633,0.43265630428174273,0.09850445226785665,0.037110988230114605,0.016970339417018445,0.018504519782756496,0.009838448975937702,,0.16782485415255663,0.30080040321612,0.18495679391499673,0.37123919018956286,0.1865470917255992,0.21678747830845718,0.19744127389155103,0.2877268807373173,-0.030240668449655957
