,Date,Visiting Team Game Number,Home Team Game Number,Visiting Team Score,Home Team Score,Length of Game in Outs,Attendance,Visting Team At-Bats,Visting Team Hits,Visting Team Doubles,Visting Team Triples,Visting Team Home-Runs,Visting Team RBI,Visiting Team Sac Hits,Visting Team Sac Flys,Visting Team HBP,Visting Team Walks,Visting Team Int Walks,Visting Team Strikeouts,Visting Team Stolen Bases,Visting Team Caught Stealing,Visting Team G Double Play,Visting Team Awarded First on Interference,Visiting Team LOB,Visting Team Pitchers Used,Visting Team Ind ER,Visting Team Team ER,Visting Team Wild Pitches,Visting Team Balks,Visting Team Put-outs,Visting Team Assists,Visting Team Errors,Visting Team Passed Balls,Visting Team Double Plays,Visting Team Triple Plays,Home Team At-Bats,Home Team Hits,Home Team Doubles,Home Team Triples,Home Team Home-Runs,Home Team RBI,Home Team Sac Hits,Home Team Sac Flys,Home Team HBP,Home Team Walks,Home Team Int Walks,Home Team Strikeouts,Home Team Stolen Bases,Home Team Caught Stealing,Home Team G Double Play,Home Team Awarded First on Interference,Home Team LOB,Home Team Pitchers Used,Home Team Ind ER,Home Team Team ER,Home Team Wild Pitches,Home Team Balks,Home Team Put-outs,Home Team Assists,Home Team Errors,Home Team Passed Balls,Home Team Double Plays,Home Team Triple Plays,Unnamed: 75,Visiting Team Batting Average,Home Team Batting Average,Visiting Team OBP,Home Team OBP,Visiting Team Slugging,Home Team Slugging,Visiting Team OPS,Home Team OPS,Win,wonPrev
Date,1.0,0.010252309876968131,0.009754945118775605,0.032588276308339194,0.043946896119632636,-0.00012446817670149065,-0.3194872032815419,-0.00023156163396188294,-0.02229161184766121,0.02187554339922469,-0.06379754503146368,0.10105571859101538,0.03144314114835275,-0.053616785264679404,-0.013444977999738678,0.04565234832579617,0.07406845884153782,-0.011147192855185433,0.24482509770305694,-0.06173186052313344,-0.022631908655765934,-0.05563367185359457,-0.010455118847615689,0.011749053908965476,0.13240164961455514,0.04663469182541158,0.04606052422015458,0.07589203017139011,0.020086101884374662,-0.002672805842647886,-0.23948502127442248,-0.02463426841039054,0.02336255745649418,-0.1111754933620756,0.03036056000434139,0.003866912593471063,-0.04100644993102511,-0.015407414888968896,-0.0061344451136736335,0.13303150403834219,0.0403913821519606,-0.06807211347016653,-0.01598766442314292,0.015481423391512048,0.06376024850269625,-0.014420070412141597,0.2582243379534982,-0.01518392868539082,-0.06687717790787866,-0.0901810463793238,-0.010148116668013085,-0.0075980372769793554,0.16240860126107193,0.038789310586055364,0.039421967956170666,0.007328509845686576,-0.00031865583594112805,0.0031594995773058777,-0.21674979297331903,-0.03359286598018469,0.0329161013834464,-0.08277211776058956,-0.02018938509319621,,-0.025762633482579934,-0.05777839628678181,0.015599666642078009,-0.024738443669389393,0.046290631777389395,0.04389264194451017,0.03753774224136919,0.021862226301743493,0.001623425772847369,0.00010913550474386138
Visiting Team Game Number,0.010252309876968131,1.0,0.9992424827449002,0.051036089377873246,0.012644203574623964,-0.011338739991146497,0.009036128502543237,0.029101639923476138,0.04901901862108343,0.0022214765124652027,0.06343744953961063,0.016777477135422905,0.05313200909872021,0.019891097687511013,0.04076371603561637,-0.00888570918470146,0.002577314906094443,0.013591584231233205,0.028440739183743867,0.03748154962033382,0.014968133099117606,-0.022596858211452343,-0.042706672208655705,0.011003956861487843,0.05214192188547332,0.004983201159773626,0.0030957316495593998,-0.009660139723975194,-0.021695541660794397,-0.00445823531872097,-0.0071424648006931475,0.009822602349876756,0.02582515163521567,-0.04145343658536367,-0.017954485770245894,0.022815050126165578,0.0016475709261611472,-0.03918038328041828,0.015713362148484802,0.02524117684056496,0.017946740110027466,-0.021333673239691396,-0.05261841091092379,0.030959197883227173,-0.05929589964254066,-0.0176556433882323,0.06849603244054848,0.004907484771068104,0.010197767597367381,-0.03801474373584906,0.00825969295120043,-0.02801716700135163,0.092804609400512,0.057080416252788216,0.05600505335765483,0.022164704025383206,-0.014396242861631457,-0.019074596466492125,-0.05368539943717489,0.030568961964517506,-0.02385569709826981,-0.02923096045151352,0.02254909203806089,,0.047741937822001326,-0.01012980727446041,0.03823402684614546,-0.03276504975355173,0.040995572720518667,-0.002084219303660623,0.042306637635169925,-0.01333448226916435,-0.018234092581680305,-0.016866069024764774
Home Team Game Number,0.009754945118775605,0.9992424827449002,1.0,0.048249418513227255,0.013561168900326076,-0.011826215433184753,0.009880757057610306,0.026293197174359236,0.044968404986102724,0.0009208337119896165,0.062121147735406605,0.014032154669873053,0.050304108653754814,0.01935262224767567,0.04016711456679572,-0.00938295076769842,0.0033797645510492244,0.012333895618276426,0.031772433794065164,0.036997922428524364,0.015853971321821,-0.024417550897552733,-0.04262956840913957,0.010109223325783382,0.052637313819348094,0.005836005477759276,0.0039492812998471825,-0.011473980616077987,-0.023222261845485807,-0.005324765977060365,-0.00547156532706846,0.009386451936269682,0.02657414048216882,-0.039548552135386404,-0.013971641076572729,0.022435341832647178,0.0027552163217903413,-0.040774858923983054,0.01671948801683759,0.027214384656145445,0.019017135284106552,-0.021768568107580023,-0.051245208861277536,0.03239867833009409,-0.059804527243932544,-0.017624876620375526,0.0668861099759,0.004211777017648867,0.011045241507163673,-0.03611972177033686,0.00830913176630531,-0.028698066773954665,0.09239345655453521,0.053693406406995874,0.05260069881197177,0.02462640817100541,-0.01423573229896841,-0.019028169975044276,-0.055007587346460704,0.0312930017769649,-0.022793135797801085,-0.031187232541061982,0.02255316826885544,,0.04381256396203641,-0.008630674488482136,0.03538452659960065,-0.03150586281052338,0.03730215274615782,-0.0002995550065806937,0.03871597270794833,-0.01162494335549446,-0.020263298528886375,-0.018071994340654263
Visiting Team Score,0.032588276308339194,0.051036089377873246,0.048249418513227255,1.0,0.01111067655564234,0.1859983489154085,-0.022981202300998704,0.6570340683197587,0.7987381602215513,0.468790663474572,0.23070732779490316,0.5521488323428929,0.986782188706634,0.07182162622798517,0.27937572783493714,0.1274358784977822,0.3525447587527802,0.22252376740404664,-0.1080603343094162,0.14430338340787385,0.005563928553398198,0.023502642096223648,-0.004740375786425775,0.21452081779082544,0.19103578998405327,0.01788949040139308,0.018556042347445872,-0.00395635577720266,-0.00462202132216347,0.31939107359315644,0.05024418265250804,-0.00710589324573924,0.06463726788129198,0.021585158960836515,-0.004740375786425732,0.2662298510409172,0.06808313296710555,0.03720620785794039,-0.03825935004131954,0.014250662969371292,0.017649003884143057,-0.09483736476966988,0.03258187122353834,-0.0008317850667560508,-0.016133227143306422,-0.10217354518605852,0.1635158371086252,-0.11817043847303504,-0.020161872995917884,0.02429366857740293,-0.005375144674798991,0.057620978784974325,0.4028862388919845,0.9666618680985735,0.9644087570545599,0.11913415450772369,0.08987535054633297,-0.003286057611552954,0.04028003258003427,0.23965547662416536,0.0787013001246115,0.03948632371702226,-0.029407259789362466,,0.7619189921714058,-0.02793468983222055,0.7635584504113648,-0.06036867104295245,0.796380146228608,-0.0351594084347764,0.8295775181892928,-0.04656334446638653,-0.0262940007231541,0.013861914129839548
Home Team Score,0.043946896119632636,0.012644203574623964,0.013561168900326076,0.01111067655564234,1.0,-0.21316813712533428,-0.0025338535720269783,0.026130078684559584,0.008163207714852344,-0.010391137416066724,-0.0009085151187520431,0.007380995253578274,0.014373488722079714,-0.10228253297928043,-0.01399501227698766,-0.013585742690808015,-0.02994111046716612,-0.10192213988632065,0.013384072221170624,-0.10437844444301798,-0.1054029342724753,-0.014096077175126561,-0.013749752723318878,0.010550243318191054,0.3080147023289151,0.9601254171348291,0.9578795931868588,0.13427069408998157,0.06735027921563091,-0.3346652220038025,-0.12377263342146848,0.24048249303758112,0.04481831823085064,-0.07638849517725031,-0.022149496839828576,0.40661908842885264,0.7438998688554224,0.42361535267866435,0.2606857158661012,0.5514754092702308,0.9883142073293795,0.014014601142813672,0.282598716749343,0.096067265382736,0.29983003020799326,0.13604424353953987,-0.10595163315309106,0.12520138350942672,-0.009933583730082908,-0.07597631869743628,-0.0065068520996982805,0.07561739722108088,0.03553109622362643,0.0017382561797792424,0.0020624043222358807,-0.011836035247864972,-0.03221136372415699,-0.03652528688534278,-0.033776405186917616,0.0026550459970262515,-0.016823252257810315,-0.020304719949209304,-0.005350008606809249,,-0.0031161350927054643,0.7443709682430664,-0.018984157317880432,0.7456705787224748,-0.0074608246243101405,0.8054803490959239,-0.012162700580086547,0.8358298268898355,-0.009681295564959995,0.0076623849767457715
Length of Game in Outs,-0.00012446817670149065,-0.011338739991146497,-0.011826215433184753,0.1859983489154085,-0.21316813712533428,1.0,-0.04094553472215081,0.6129762361227488,0.2367113544720636,0.11195054093532775,0.039087072617037116,0.12253554527350959,0.18810815342875825,0.20038671405432856,0.07709602043976015,0.021944180443727816,0.23181147812843872,0.24122911160153793,0.18455352614405637,0.11436536818590542,0.07071450492277385,0.03960997315101324,0.0030249716845106947,0.26392013521660584,0.38555074343925366,-0.2120731990608377,-0.21112704996868242,0.025518868435602367,-0.0008929913971689122,0.9671764202884986,0.2762295442478516,0.011660960585191664,0.048763258169960175,0.07674268018514024,0.0030249716845106274,0.5957701238696608,-0.0009327711426784692,-0.09219769956006198,-0.10526284041620608,-0.09772634926367693,-0.21300457828964117,0.12286665655643329,-0.00357423922969418,0.048078732176829675,0.039804163017928565,0.18685885216112383,0.2856197180958657,0.009870101990890454,0.03230107585104216,0.0597332987071906,-0.011662413998535504,0.26962638621953733,0.425698979059311,0.18505855369347846,0.18500069883793344,0.008920583838083045,0.03765544363112148,0.9452812718403226,0.2544814859295558,0.07505708525592432,0.05131085304727235,0.057385264168902925,-0.014675364638108016,,0.09899262341155969,-0.2212490621617128,0.13466842752016014,-0.2218878110061972,0.10170583813558029,-0.26196424870973134,0.11973484171733231,-0.2643624151989106,0.031469592699271055,-0.030487368399832168
Attendance,-0.3194872032815419,0.009036128502543237,0.009880757057610306,-0.022981202300998704,-0.0025338535720269783,-0.04094553472215081,1.0,-0.02462459753815535,-0.007322306947736205,-0.03796224166431715,0.03602081959522957,-0.047828855997156604,-0.020672570108381413,0.04323576120916349,0.013128772336741461,-0.03654363526004308,-0.08508072176691506,0.021766139075332428,-0.07265919382084103,0.021909810409260832,0.005189914734556237,0.01365652739803317,0.016211152260327183,-0.049307008039599275,-0.11164749646954228,0.0005683041523469794,-0.0008738860580400198,-0.013463202623158593,-0.024241359042210576,-0.04504287989477669,0.15004813333514513,0.014500445697302928,-0.002552749429697994,0.07516435642375106,0.013243694252153769,-0.032346011376000725,0.02776954014886565,-0.012699018990155759,0.04959181160695686,-0.036980795014335884,0.00030224129044380575,0.07616244126634376,0.02672787895289401,0.0020379460517835585,-0.017893746724048917,0.04471834157539778,-0.12816694304069076,-0.04497615669691629,-0.03850060038438028,0.06879131066659869,-0.019894851382817526,0.00303762489403147,-0.0766728846491029,-0.03699788602254009,-0.03724355678429145,-0.04693273028921872,0.01947819450947507,-0.03171871585493125,0.05357080857221514,0.024313900093429236,-0.02584998591112874,0.023087197598686642,-0.04672553176376639,,0.0005840636668476769,0.04405385808148945,-0.037429243567226024,0.028411608067985202,-0.030467600703817977,0.006970208985759263,-0.03478741486284228,0.015188567743731961,-0.03333589938040881,-0.003738778342971842
Visting Team At-Bats,-0.00023156163396188294,0.029101639923476138,0.026293197174359236,0.6570340683197587,0.026130078684559584,0.6129762361227488,-0.02462459753815535,1.0,0.8310388047130481,0.43418772411607504,0.17863826991732507,0.3450071031443151,0.652397276804695,0.033206252281624105,0.09217598701409821,0.027069920778142305,0.19490684304790606,0.2393101431216374,0.045450789480525604,0.17688915616511316,-0.017917656202673226,-0.06285108733912619,-0.05107386045103969,0.5866047958137997,0.3314692775060934,0.02608651924235441,0.027706229176746557,0.038917152245739516,0.03448372934246479,0.6358330972862127,0.1839148976518409,0.06137840766369064,0.05542789970108157,0.04515226020377058,-0.0017722523833528534,0.5201891082953696,0.14748437234823913,0.033567087748426636,-0.04544806080630393,0.014347972116300687,0.028535916836337015,0.011149542110713761,0.031010208808846876,0.037369385178999785,0.0533326516136243,0.06724926210531104,0.22304750684677438,-0.061459462563620997,0.027869713177885915,0.03837638279089535,-0.02205534135733642,0.1938667094506448,0.5367336782946854,0.6346336839500646,0.6329362957156625,0.09207833774804053,0.047727178069633586,0.5242551692874796,0.11152360626972596,0.2698590712376145,0.054210689136044245,-0.05518011419058119,-0.04491115944257956,,0.693441479388768,-0.02153592616016611,0.6123406100166962,-0.03871078984553325,0.5908799773463977,-0.05253736546660245,0.6325139319253668,-0.050920902490983105,-0.001604529618325874,-0.012049875107810018
Visting Team Hits,-0.02229161184766121,0.04901901862108343,0.044968404986102724,0.7987381602215513,0.008163207714852344,0.2367113544720636,-0.007322306947736205,0.8310388047130481,1.0,0.5147443162481504,0.2282093486437646,0.4053136619859909,0.7933642493883216,0.07421061497496594,0.22827770272975242,0.055618773215905463,0.1910853354814372,0.2366026247679453,-0.14499980309665433,0.18566354516452888,0.07559011921243616,0.10871678650324652,-0.03677458515073996,0.5187220278727529,0.1764353480436079,0.01652520916450315,0.017779768287053785,0.006802450362771004,0.009520404455244935,0.33643522049482927,0.10296845193667935,0.030272579414995726,0.04584896438143956,0.02806238845743723,-0.008110377278797869,0.2845836345742598,0.07937616494656771,0.02821552545323383,-0.02673351379412163,-0.0006851920456833561,0.013699646569921326,-0.0675955113281905,0.003651013210705251,-0.002644080308363647,-0.007191632417875632,-0.05591929062874707,0.14511905743569029,-0.09405895990280273,0.004857489669904433,0.03009534205498827,-0.02699766037511228,0.07694956468294559,0.43092823512843714,0.7943579897324918,0.7930346865578294,0.1252289781118668,0.0485237671497209,0.0857435525319367,0.12301676892136527,0.18395202475087893,0.03346144527817933,0.13352883901096724,-0.036774585150739926,,0.9691779013789737,-0.01888270574448484,0.8647350401836063,-0.048385733914692176,0.8133476158344709,-0.03982132444922726,0.8787650349483054,-0.04549590169610174,-0.003579969285502396,0.0002491050735989502
Visting Team Doubles,0.02187554339922469,0.0022214765124652027,0.0009208337119896165,0.468790663474572,-0.010391137416066724,0.11195054093532775,-0.03796224166431715,0.43418772411607504,0.5147443162481504,1.0,0.054041915651065156,0.06787597710179463,0.4625795345138352,0.03710266336485297,0.14767231203670045,0.025911938461331125,0.10540750829429554,0.17932217465603315,-0.05039747392849841,0.020319368250201232,-0.01215854343611228,-0.010389315413264549,-0.01585392735398416,0.23582064639916556,0.08280594415377626,-0.013317295268049286,-0.013243455192802208,-0.009737536905897157,-0.011780629433760667,0.1737316672986063,0.05420122254382779,0.03458804673618041,-0.011097754856871483,0.05831518698675061,-0.01585392735398402,0.138736655519191,0.032539387657303284,0.019917093267313477,-0.054822977499742236,0.015528556378705673,-0.005816740635634668,-0.05034182907382287,-0.011288511650569027,0.00876563176274876,-0.007442247817208882,-0.04057318242815356,0.07359201706842641,-0.0671734222886941,-0.01021239147242447,0.06352138605092365,0.05163565300506562,0.039756733334301936,0.20609657624494734,0.4582071049567324,0.45755760838790543,0.05525664708190734,0.00998510405667898,0.02178353205955216,0.03182429174995763,0.087824772251644,0.042998016053225695,0.003687505264319665,-0.03436287940106362,,0.4976237187089711,-0.02032596862378646,0.4440741328191167,-0.02999396034142383,0.5159719606676615,-0.021034217018499286,0.5186886723673751,-0.025638737553623787,0.006080886191967343,0.013355121723150822
Visting Team Triples,-0.06379754503146368,0.06343744953961063,0.062121147735406605,0.23070732779490316,-0.0009085151187520431,0.039087072617037116,0.03602081959522957,0.17863826991732507,0.2282093486437646,0.054041915651065156,1.0,0.05583342081830727,0.2357030411677743,0.03160560617676553,0.13081788416952006,0.005063215891222995,0.053040581770403966,0.058951031533168274,-0.033524828685430705,0.04185983608561619,-0.00950982029437145,-0.012180998708468038,-0.010182306058007084,0.08818732491415747,0.02996522106169105,-0.006709587786754746,-0.006356802857572699,-0.019550341510655603,-0.01734095598481297,0.0736818534875484,0.021008514899591314,0.01889949621780555,-0.0010493461729138265,0.022106058530102394,-0.010182306058007047,0.09411197947288756,0.06216767310588123,0.014761358525491387,-0.002999291363378999,-0.009345567468411663,0.0076751324920119055,-0.0055468665478472,-0.0001402759559445592,0.00468233369559244,-0.04266208211722817,-0.044658773183308575,0.017422457048660616,-0.041090173829673955,0.029711111922144835,0.01281772648137301,-0.02038562461905777,0.04042305550726146,0.11792649636866569,0.22860196538342878,0.22831773379214146,0.027334439429016522,-0.027274732967516514,-0.009116595040222527,-0.004227307421472753,0.027639183394800256,0.013512675488243532,0.004517784922731036,-0.010182306058007086,,0.2153986917220417,0.040554016354625466,0.19377518322161366,0.011181032137557443,0.28920924022874944,0.008688603373196588,0.27026952985237446,0.010152726939960968,-0.012015322306456288,-0.0020934616937084757
Visting Team Home-Runs,0.10105571859101538,0.016777477135422905,0.014032154669873053,0.5521488323428929,0.007380995253578274,0.12253554527350959,-0.047828855997156604,0.3450071031443151,0.4053136619859909,0.06787597710179463,0.05583342081830727,1.0,0.5665645688028403,0.009258778800663094,-0.004137911668976085,0.0075545921104712924,0.16229270548410815,0.10458223774056948,-0.04129719950118655,0.036351852173403136,0.05920681316262694,0.006511711125874676,-0.02521711698175615,0.003909188646332717,0.12414967488291065,0.02127006964313197,0.02266693664357676,-0.039762112757771834,0.007668408699626821,0.1980418776963207,0.019140800807936342,-0.01236988489767637,0.034453228507641986,-0.045213101323926544,-0.0005915543527892017,0.14653762887035224,0.0062741615904292405,-0.013384164014870088,-0.031286023204805904,0.027563310268503685,0.00905254844638527,-0.050494373028537314,0.0010726125067973189,0.005010430959945266,-0.01566688659342984,-0.07505930276785995,0.12934282300668487,-0.04632236150554443,-0.008018916316909963,-0.030368764553584154,-0.038160786918459026,8.000532960983669e-05,0.20100249591156943,0.5640544183663008,0.5621342679341237,0.0017514800740120282,0.04827404603660218,0.013720914627077254,-0.0035662872533121135,0.00995766036154813,0.0018150635359377688,0.011143870709873448,-0.02521711698175617,,0.386111154269154,-0.05469128565741361,0.381738988976743,-0.0716040354678498,0.7698742482838876,-0.037958267360507364,0.669690853202156,-0.05259950117308198,-0.01159037690836996,0.0039673505544032695
Visting Team RBI,0.03144314114835275,0.05313200909872021,0.050304108653754814,0.986782188706634,0.014373488722079714,0.18810815342875825,-0.020672570108381413,0.652397276804695,0.7933642493883216,0.4625795345138352,0.2357030411677743,0.5665645688028403,1.0,0.06847703117577636,0.2775599798203036,0.1218019592559127,0.33514570715565495,0.21549050811857787,-0.10065554187472285,0.13681196828481498,0.009712248380577392,0.004981867950906529,-0.0028663981377295726,0.2030550483250229,0.19562591180624722,0.02248230042467377,0.022996902366275662,-0.002171836396645363,-0.0010386830669790754,0.31820669949353075,0.04800316733947757,-0.0032304638739311053,0.06761197490511335,0.017859927104771415,-0.0028663981377295635,0.2688725529592241,0.0696230608287567,0.0342734693108404,-0.03787227030890158,0.018750264240044546,0.021617830508660212,-0.09851987110288438,0.03617577704504975,0.0020257309278971323,-0.018185953858219174,-0.09958268079717633,0.16190976782155397,-0.11382802345004808,-0.023973427026332466,0.019580685939931616,-0.0014727407466337346,0.05825573413111314,0.39655149983383337,0.9696222371772639,0.9674352546809274,0.08959369557249512,0.06631679739718796,0.002848912725284588,0.025255563525497217,0.17517685637467542,0.06917349719641877,0.023667600567160246,-0.03695898660035953,,0.7561653027735157,-0.02687887905059803,0.7510722578787403,-0.06076210275654664,0.8013079370194465,-0.03337187617304247,0.8283231068088286,-0.045450535044734015,-0.03240763912175731,0.010949787840705388
Visiting Team Sac Hits,-0.053616785264679404,0.019891097687511013,0.01935262224767567,0.07182162622798517,-0.10228253297928043,0.20038671405432856,0.04323576120916349,0.033206252281624105,0.07421061497496594,0.03710266336485297,0.03160560617676553,0.009258778800663094,0.06847703117577636,1.0,0.048196199157546825,0.020837375803531236,0.11820946409600028,0.223885345427154,-0.01569290096355346,0.04690106618282171,0.05217024257826752,-0.020727718122094382,0.0470548582187216,0.11845579860612118,0.07530440675484777,-0.11068519530044202,-0.10989338888700982,0.002501589841409591,-0.005335737986240718,0.2163510617066566,0.08892466163479112,0.005633528658516109,0.055146343693776634,0.00875664440870786,-0.010703295466768396,0.10375798049740394,-0.0460791258140103,-0.04458499997208232,-0.037985450688073116,-0.05521573699701548,-0.10111625115024728,0.05623716718741911,-0.010582515325936313,-0.0017801676975254359,-0.02742391663963454,0.01654903864033159,0.025375495709599825,-0.030873770838450023,0.010820538241701158,0.007849213925691541,0.007480196128876922,0.05291778932054334,0.14464630262884834,0.06015707515321689,0.06084378156793204,0.011395354295595813,-0.0029165200689356273,0.1604795548965758,0.16132046261628072,0.09378805880086054,-0.02730518225015274,-0.0014794782678117712,-0.010703295466768441,,0.10078873586828066,-0.09407122061246292,0.13656946788652125,-0.10389225489032695,0.0735646692153736,-0.10803440383251184,0.1011399638084595,-0.1135106501546171,0.008967764821588247,-0.011991697590443048
Visting Team Sac Flys,-0.013444977999738678,0.04076371603561637,0.04016711456679572,0.27937572783493714,-0.01399501227698766,0.07709602043976015,0.013128772336741461,0.09217598701409821,0.22827770272975242,0.14767231203670045,0.13081788416952006,-0.004137911668976085,0.2775599798203036,0.048196199157546825,1.0,0.053603451562922406,0.10424073607508724,0.0823936363477794,-0.06751374702115184,0.06373945322397005,-0.012585591427452898,-0.03186722232093268,0.03655553093816624,0.09418911355686313,0.10068711470955374,-0.014242490788845145,-0.01840051242527186,0.006320325737568057,-0.015231796488634129,0.11683942469908291,0.0051806751033337765,0.002112314504480919,0.0020657062882039443,0.007722459950954576,-0.013361440549095133,0.09202443443050377,0.01205369251829315,0.020883395926955067,-0.06560681448829934,-0.026753274636673076,-0.012373528854305383,-0.01503060274407801,-0.015332643613476037,-0.01749264569147532,0.0343290701354167,0.003944739635546973,0.06793600435702919,-0.00879878723691076,-0.02592241395739004,0.0012921679098345388,-0.026750454155669866,0.05816133611876968,0.11700395621945292,0.2585069422099429,0.2577658672371995,0.04128591710816594,0.013423215971879066,0.01860020057244725,-0.05277544526031359,0.07560571926432104,0.0797993373811378,-0.010655216305407465,-0.013361440549094775,,0.25984958819802745,-0.020323310005460463,0.2157343872663991,-0.012730027404294388,0.18290531424309567,-0.04260954100881325,0.20551161449441666,-0.03453595317798965,-0.009804089522724496,0.04169137745460586
Visting Team HBP,0.04565234832579617,-0.00888570918470146,-0.00938295076769842,0.1274358784977822,-0.013585742690808015,0.021944180443727816,-0.03654363526004308,0.027069920778142305,0.055618773215905463,0.025911938461331125,0.005063215891222995,0.0075545921104712924,0.1218019592559127,0.020837375803531236,0.053603451562922406,1.0,0.037511433254584406,0.014155509518679029,0.0002406967672471451,0.0002081532037399412,0.03126691995029399,0.03965387863279189,0.0792219781250854,0.14848330511412813,0.04565304379005651,-0.014481747773139151,-0.015341518862840813,-0.02715828437280699,-0.00132737547121672,0.040526046993440784,-0.030915712648941936,0.015890483198942897,0.0017469191893143253,-0.003113835852259635,-0.01382632669413997,0.025024111438029198,-0.0047050629592728,-0.006971604896375291,0.004143302918421578,-0.009219151129732404,-0.006654724982277112,-0.0086452520702426,0.013754487230982559,-0.036539289622456325,0.018714502721203376,-0.0045662695750995136,0.05919189541403631,-0.046502643596458795,-0.04923896485643747,0.0005716868131849147,0.01889097090856281,0.022626226425291173,0.10260669168935337,0.11706209156076978,0.11717323088371605,0.002345917625164411,0.027118944017731114,-0.004039374776534587,0.010307556798691398,0.03880391630175836,0.046653891408067805,0.06691279869587335,-0.013826326694140587,,0.061120066731285984,-0.015600077771567447,0.18519675750197823,-0.014082156599553095,0.040291412731715374,-0.019430212495372422,0.09636717387810403,-0.01874743063358298,-0.015489783474767036,0.017841079719263856
Visting Team Walks,0.07406845884153782,0.002577314906094443,0.0033797645510492244,0.3525447587527802,-0.02994111046716612,0.23181147812843872,-0.08508072176691506,0.19490684304790606,0.1910853354814372,0.10540750829429554,0.053040581770403966,0.16229270548410815,0.33514570715565495,0.11820946409600028,0.10424073607508724,0.037511433254584406,1.0,0.278966485717858,0.0751866547298886,0.12185451282098947,0.06492991422913158,0.06914832299630755,0.013637110506061973,0.566436414986382,0.17290460424192136,-0.03545566137239571,-0.03671921914113707,0.01596395327097828,-0.014599222683746107,0.26762427194136407,0.050819078264730394,-0.007359410909687106,0.05093330212188595,-0.016773002525141408,0.026708998668779717,0.16042953544115995,-0.008603216895673912,0.008857003921071286,-0.026275658547027004,-0.0047522121386456215,-0.028085307813985053,-0.0009273318926996505,0.06261531677163563,0.021894871728658616,0.03253790677241285,0.014040900461937704,0.1295919072761793,0.007060372833917263,0.005053371982134253,-0.025972680858798603,0.0011316110959599314,0.05862823568677714,0.4387873934190372,0.3346070025534775,0.3335583835559682,0.17437414443292493,0.04794868450251153,0.1633762417304533,0.07216665985572841,0.09405813382638484,0.07395790241179488,0.08300240429409825,-0.038650442144813016,,0.1781916655033697,-0.0685681377248164,0.5617487206277797,-0.06491017664532306,0.20330381483633983,-0.05332635970957497,0.34792091328692504,-0.06096703381667443,0.005300439755460142,0.004598756653796221
Visting Team Int Walks,-0.011147192855185433,0.013591584231233205,0.012333895618276426,0.22252376740404664,-0.10192213988632065,0.24122911160153793,0.021766139075332428,0.2393101431216374,0.2366026247679453,0.17932217465603315,0.058951031533168274,0.10458223774056948,0.21549050811857787,0.223885345427154,0.0823936363477794,0.014155509518679029,0.278966485717858,1.0,-0.007939844848668647,0.10966051829055491,0.03531581280182451,0.04874087005266064,-0.010657484257264935,0.2536052871561379,0.10089465009658187,-0.10451740396254793,-0.10424767171460282,-0.019489263988935246,-0.012572046947434355,0.27858699857715635,0.06268252331599726,0.0007411505197652625,-0.02010300519349873,-0.03183132941945959,0.048609517890960866,0.1415613738607861,-0.04396352703752096,-0.05556694596337945,-0.056711867295322835,-0.01606390021209443,-0.0983954630776246,0.034844853162701174,0.015518092070642048,0.007876316208789182,-0.029999641038329094,0.02880956147030127,0.09268986692880787,-0.04200450563015917,0.04962325298520833,-0.054953859211182426,0.06765527044574915,0.05192961036525153,0.21586578393823894,0.2158139608261847,0.2160917109287657,0.06432895038527768,0.06286867409972412,0.16989785611402972,0.11049765448030312,0.07001537683901131,0.04817309447933938,0.06336776654606097,-0.01065748425726493,,0.22417385267100787,-0.10536951511063929,0.2899367343821075,-0.11532765472739066,0.20893114062904383,-0.09963779685604014,0.25090057159115137,-0.11175691821365187,0.057962979424640654,-0.03524451591614205
Visting Team Strikeouts,0.24482509770305694,0.028440739183743867,0.031772433794065164,-0.1080603343094162,0.013384072221170624,0.18455352614405637,-0.07265919382084103,0.045450789480525604,-0.14499980309665433,-0.05039747392849841,-0.033524828685430705,-0.04129719950118655,-0.10065554187472285,-0.01569290096355346,-0.06751374702115184,0.0002406967672471451,0.0751866547298886,-0.007939844848668647,1.0,-0.019465250170468153,0.01717002705348864,-0.2398331423517493,-0.01383674643154887,0.06327046625007043,0.12016006462599389,0.02135285245444235,0.02020155150372993,0.05948892690901761,-0.009398090261952355,0.1313665940706272,-0.022874361714160723,0.005551190312719792,-0.014439315656600473,0.013314468284553169,-0.004792269288988643,0.10566800177264289,0.031035980741275282,0.0014212411178249839,-0.04437865003475963,0.057197300533469844,0.01690318343432763,0.0007241286007262299,0.030044633833349287,0.025195402240008317,0.07245319271459709,0.09785955601557889,0.059544954056829184,0.0010230549968760568,-0.008027649622132692,0.015481816567253271,-0.005067523361490019,0.082394552186964,0.15413183705033862,-0.10316871287996086,-0.10380697372715446,0.07915667731472086,-0.0238001083905602,0.23496606698510997,-0.4066089062623069,-0.05315841574260055,0.11854531766340368,-0.2346865491206506,0.013296684996131831,,-0.2085419446202258,0.005141350020927423,-0.15144623021692863,0.02788953620763774,-0.15673616549161806,0.02244516038918625,-0.16370389514071582,0.02586718338502704,-0.03701337806173424,-0.0595133977399261
Visting Team Stolen Bases,-0.06173186052313344,0.03748154962033382,0.036997922428524364,0.14430338340787385,-0.10437844444301798,0.11436536818590542,0.021909810409260832,0.17688915616511316,0.18566354516452888,0.020319368250201232,0.04185983608561619,0.036351852173403136,0.13681196828481498,0.04690106618282171,0.06373945322397005,0.0002081532037399412,0.12185451282098947,0.10966051829055491,-0.019465250170468153,1.0,0.04734711838914903,-0.02660358809917695,-0.016844767828170817,0.17294195056888076,0.01951488692492102,-0.10972362113141053,-0.10924572125075609,-0.044064344895653564,-0.006918714288947297,0.14473805241441415,0.05663257803415407,0.029474694543936485,0.050616085246627814,-0.01991841695660205,-0.016844767828170695,0.041141305202871646,-0.06991967144812986,-0.044441318565790894,-0.035098949532191094,-0.07286596789545186,-0.10565252574340449,0.06820912316489282,-0.014023506014561014,-0.004050682430329145,-0.06404067340114424,0.00469064370294006,0.025359448378317585,-0.010688962772010922,-0.040477644604491096,-0.019467639048969972,-0.01756104018611552,0.0028796464125118203,0.14920818829358667,0.14526621921245375,0.14443154246315493,0.06326756017446229,0.025008350851787584,0.06429099452239473,0.033893882378653914,0.08111437001867507,0.001479102705085427,-0.019423691461588285,0.015448425231888782,,0.17788427427266587,-0.10129461983563312,0.190181854178297,-0.1234501018225852,0.10919583709922939,-0.11836342942843675,0.14547495764017018,-0.12785033356796743,0.007886924216458552,-0.007842844057132016
Visting Team Caught Stealing,-0.022631908655765934,0.014968133099117606,0.015853971321821,0.005563928553398198,-0.1054029342724753,0.07071450492277385,0.005189914734556237,-0.017917656202673226,0.07559011921243616,-0.01215854343611228,-0.00950982029437145,0.05920681316262694,0.009712248380577392,0.05217024257826752,-0.012585591427452898,0.03126691995029399,0.06492991422913158,0.03531581280182451,0.01717002705348864,0.04734711838914903,1.0,-0.07173072445432366,0.045660985384895526,-0.007622797569570032,0.007548522723275133,-0.09184009961213935,-0.09141531943607581,-0.018187184323902858,-0.04952769340914836,0.08501620489186128,0.06600909992237607,-0.020277836021724043,0.008387774830132987,0.032834118071571085,-0.012038976198619657,-0.008037704443682283,-0.06077100546973519,-0.04867627840099292,-0.0518359193177945,-0.04204859911761343,-0.10493514050962932,0.03094639189289723,-0.018300934872492087,-0.011112018637083738,-0.01567218523342651,0.03484811833960511,-0.03128067131388235,-0.045261891585873334,-0.018134603640388,0.035570969142370956,-0.024102796378807165,0.015367339492806486,0.07401013813640493,0.0177925185546427,0.01853129824782922,0.03032718785287948,-0.028436556772061753,0.04550242291370604,0.11449858639571989,-0.023180497213221903,-0.004866801801569455,0.009196367748927537,0.045660985384895526,,0.11178572661265028,-0.06639211057251322,0.13408897735020425,-0.06576252017869356,0.09243292292876651,-0.07729699553353349,0.11316002071810766,-0.07810995663784152,0.04386695507052113,0.016912655676373668
Visting Team G Double Play,-0.05563367185359457,-0.022596858211452343,-0.024417550897552733,0.023502642096223648,-0.014096077175126561,0.03960997315101324,0.01365652739803317,-0.06285108733912619,0.10871678650324652,-0.010389315413264549,-0.012180998708468038,0.006511711125874676,0.004981867950906529,-0.020727718122094382,-0.03186722232093268,0.03965387863279189,0.06914832299630755,0.04874087005266064,-0.2398331423517493,-0.02660358809917695,-0.07173072445432366,1.0,-0.02420968098591025,-0.10124968726545719,-0.008299701672210492,-0.01087388272611014,-0.010934055818627855,-0.016856240021300477,-0.005421800719970981,0.043857768833158055,0.047943106801033634,-0.00790596480696719,-0.023001688651754542,0.010024264135128105,0.006677801672996204,0.03300757071134361,0.0001224755823028888,-0.008831608078074118,0.02835607186098668,-0.003950764110755507,-0.012256978897789199,0.001872948924750437,-0.016539742522284524,-0.03749975786881533,0.004231426889076467,0.03241052767881148,0.008777934284499715,0.0796501118806443,-0.017345042377926854,0.012182568655785507,-0.0020902925546100854,0.01613394816839607,-0.029790611403028588,0.021431194326357927,0.022374405248019386,-0.001089879829479651,0.012837545231804531,0.030319350384550678,0.3718665189081324,0.04878050867887803,-0.05537205967724506,0.9261254807833824,-0.02420968098591026,,0.17367153923335568,-0.013884032468285538,0.1976727008596544,-0.019385467449829243,0.09898051998588683,-0.005949393360343472,0.14124899203261188,-0.011201498432036001,0.004150267152998726,0.002335814191143321
Visting Team Awarded First on Interference,-0.010455118847615689,-0.042706672208655705,-0.04262956840913957,-0.004740375786425775,-0.013749752723318878,0.0030249716845106947,0.016211152260327183,-0.05107386045103969,-0.03677458515073996,-0.01585392735398416,-0.010182306058007084,-0.02521711698175615,-0.0028663981377295726,0.0470548582187216,0.03655553093816624,0.0792219781250854,0.013637110506061973,-0.010657484257264935,-0.01383674643154887,-0.016844767828170817,0.045660985384895526,-0.02420968098591025,1.0,-0.019085742146017146,0.01950111651758115,-0.011346885150686253,-0.011302202156485735,0.029909390786305095,-0.004351560958892504,0.00997444105982715,0.037136405740923195,0.014904159605332897,-0.006813674949520842,0.0318684567636427,-0.0006868131868132016,-0.0107540742825809,-0.015712407826817102,-0.014995207274555531,-0.012076583598816035,-0.0011274268527233125,-0.012394931217799556,-0.011125244027908869,-0.013795366383288418,-0.014540840588214695,0.012246614379325822,-0.010739299604002652,0.010847053058479281,-0.016322674245729526,-0.01109320289985124,0.03901741404260957,-0.0013750437013021147,-0.008795890869556289,-0.022086477527659167,-0.0017935217711747946,-0.0017532684760560642,-0.01525933794731727,-0.005144879192741631,-0.006190732299918675,-0.009708893407554596,0.011561156491998048,-0.0066987808144943015,0.0028480719431454317,-0.0006868131868131771,,-0.03460798481442109,-0.0147204552160956,-0.005343656061051505,-0.006793638986972082,-0.03670634536339696,-0.012801758490613858,-0.027158028485504842,-0.011451764875966684,0.02863992435013496,0.028671362574374856
Visiting Team LOB,0.011749053908965476,0.011003956861487843,0.010109223325783382,0.21452081779082544,0.010550243318191054,0.26392013521660584,-0.049307008039599275,0.5866047958137997,0.5187220278727529,0.23582064639916556,0.08818732491415747,0.003909188646332717,0.2030550483250229,0.11845579860612118,0.09418911355686313,0.14848330511412813,0.566436414986382,0.2536052871561379,0.06327046625007043,0.17294195056888076,-0.007622797569570032,-0.10124968726545719,-0.019085742146017146,1.0,0.17339666326645728,-0.00020290103326586883,-0.000606698607693317,0.031872805132737866,0.029669259002032756,0.2691702858950475,0.09162613279698649,0.05983406147585814,0.026823453053047248,-0.009390983434073106,0.02028831280158905,0.21081105500565728,0.04618716444305358,0.023245867901718606,-0.022263068751020583,-0.010181315640561094,0.011360179859877566,0.012076078550463564,0.01631424944424004,0.01833730843006822,0.050972545354517076,0.0413048121835195,0.11611090812801389,-0.02170059778624331,0.028127556168047137,-0.01690496475683163,-0.018503529349686187,0.09180908391799614,0.48061125479331684,0.19372166748604375,0.1926274772347491,0.15585097855976007,0.0005539870387211802,0.23161536897363225,0.02048172237717327,0.22918283255529226,0.0452783901551641,-0.09455330366830304,-0.06830331083052694,,0.45848499630226536,-0.02390424919299666,0.6148936047396986,-0.0182390991762986,0.25233700390290004,-0.03647666075855853,0.40127408298145606,-0.032224885007463865,0.004948466020588868,-0.0017985397888314473
Visting Team Pitchers Used,0.13240164961455514,0.05214192188547332,0.052637313819348094,0.19103578998405327,0.3080147023289151,0.38555074343925366,-0.11164749646954228,0.3314692775060934,0.1764353480436079,0.08280594415377626,0.02996522106169105,0.12414967488291065,0.19562591180624722,0.07530440675484777,0.10068711470955374,0.04565304379005651,0.17290460424192136,0.10089465009658187,0.12016006462599389,0.01951488692492102,0.007548522723275133,-0.008299701672210492,0.01950111651758115,0.17339666326645728,1.0,0.2983991861700407,0.29760645958824367,0.12314088630407251,0.03189722471126193,0.35035736531332823,0.0103807558028665,0.08211220565670731,0.0994778220519567,-0.042521942066630326,0.00036769781986009317,0.5257250479371605,0.37169905703082573,0.17155490828253633,-2.5243932985331698e-05,0.14332590658257363,0.29985342114057545,0.11380716899498343,0.1126146698098219,0.12313330058687427,0.3559996272835792,0.19613558903371398,0.1850899180205979,0.09968289073499695,-0.004799801889046712,-0.047838027301824154,0.019889315269125178,0.43223064871746697,0.35878203237591955,0.18399806426425422,0.18426492237098477,-0.002631690906407085,-0.02283976939745121,0.39339161222651514,0.061869812515424824,0.08391809555828113,0.058589030190846596,-0.004901035671320924,0.00036769781986009377,,0.11840817728577488,0.2614454902236019,0.1552400253768909,0.355768296600657,0.13019822338765857,0.20908073324586576,0.14691105284125414,0.27572822364339983,-0.04954120403056797,-0.004277793103068828
