,Date,Visiting Team Game Number,Home Team Game Number,Visiting Team Score,Home Team Score,Length of Game in Outs,Attendance,Visting Team At-Bats,Visting Team Hits,Visting Team Doubles,Visting Team Triples,Visting Team Home-Runs,Visting Team RBI,Visiting Team Sac Hits,Visting Team Sac Flys,Visting Team HBP,Visting Team Walks,Visting Team Int Walks,Visting Team Strikeouts,Visting Team Stolen Bases,Visting Team Caught Stealing,Visting Team G Double Play,Visting Team Awarded First on Interference,Visiting Team LOB,Visting Team Pitchers Used,Visting Team Ind ER,Visting Team Team ER,Visting Team Wild Pitches,Visting Team Balks,Visting Team Put-outs,Visting Team Assists,Visting Team Errors,Visting Team Passed Balls,Visting Team Double Plays,Visting Team Triple Plays,Home Team At-Bats,Home Team Hits,Home Team Doubles,Home Team Triples,Home Team Home-Runs,Home Team RBI,Home Team Sac Hits,Home Team Sac Flys,Home Team HBP,Home Team Walks,Home Team Int Walks,Home Team Strikeouts,Home Team Stolen Bases,Home Team Caught Stealing,Home Team G Double Play,Home Team Awarded First on Interference,Home Team LOB,Home Team Pitchers Used,Home Team Ind ER,Home Team Team ER,Home Team Wild Pitches,Home Team Balks,Home Team Put-outs,Home Team Assists,Home Team Errors,Home Team Passed Balls,Home Team Double Plays,Home Team Triple Plays,Unnamed: 75,Visiting Team Batting Average,Home Team Batting Average,Visiting Team OBP,Home Team OBP,Visiting Team Slugging,Home Team Slugging,Visiting Team OPS,Home Team OPS,Win
Date,1.0,0.006745915517673132,0.006984390616457012,0.016919932385657234,0.05404316803965904,-0.025252386789244654,-0.4700660217917505,-0.010213909197375087,-0.00813216248087434,-0.002334131143686476,0.02548524271726349,0.08046645213551075,0.0156679231447047,-0.11064696570005175,0.014145797529859245,-0.008381498999658175,0.05286245748921997,-0.09821281662732004,0.24179012771456423,-0.08429904654478036,0.026997513998925887,-0.029208137235964833,0.04953917897101997,-0.0014394446453016884,0.13367302975158085,0.058164460923403646,0.06032971207501596,0.1053002166648401,-0.014240254559832197,-0.030980612032500236,-0.09576395068061423,0.04444997080603148,0.03477635964739049,0.02279429641141442,0.020424618334349165,-0.03264804737605623,-0.024446684257131257,0.011919272462925389,0.0025984322005914574,0.057804695487020684,0.047996277702774245,-0.12913890559887573,0.02649348369896384,0.026776794765962623,0.03677571813539123,-0.050760267748638704,0.1773206560621263,-0.02889810821027385,-0.004219315357891201,0.013985119459542129,0.01792511961613154,-0.07105809385009412,0.14199266681905953,0.013887303679458231,0.014493994752225119,0.10089543359899271,0.009226870472985075,-0.016649234292688046,-0.14346795893161104,-0.010766010484849377,0.03294713247559197,-0.01396187798080184,0.03059220558995689,,-0.01195886075919717,-0.013316646280619179,0.02014348205102466,0.0070738004073263895,0.04488547624523044,0.032362908403166565,0.03867502068915038,0.025034312424184503,-0.10974805768111934
Visiting Team Game Number,0.006745915517673132,1.0,0.9994208254245524,0.01649404496644473,0.025331415378368256,0.010460887042501343,-0.07775527467590117,0.02092261325586817,0.015415416595142,-0.029465885713136502,-0.014383928528896296,0.035442733794489006,0.020042690368096316,0.004844145952262891,-0.05701990851389879,0.02711637507539195,0.010939742858283152,-0.004510067629596331,0.03797153644769656,-0.05386960352092957,-0.004152764481440434,0.004035920553939131,-0.06674388534661543,0.0028674384576936264,0.11700399051937958,0.016181101748358455,0.013962707845099124,0.03685061410112086,0.002476975750839271,0.004649667691266983,-0.06695462147986257,0.014937453634894418,0.03353945999591593,-0.03445778343547341,0.017647060900422,0.01883020905834536,-0.0018186573003906553,0.010794411705939757,0.0003947193594593387,-0.004158555802107685,0.013744337201879852,-0.027274132825063385,-0.019892842479824195,0.09186987990241975,0.022741693340978895,0.019190471143742654,0.09815702578149318,0.06153508553130555,-0.04497338912423237,-0.018753771485972806,-0.005035041114635889,0.02284258626670323,0.12516234520627767,0.019051070399688882,0.01674382654615905,0.001337448332815038,-0.007517116813138376,0.016773965509831876,0.019269821019030933,-0.04384709852267718,0.035926420106632856,0.004253489785658809,0.026626985018789132,,0.006942971063880151,0.00502930841686916,0.013841734941239735,0.008075128876555033,0.01273086951428529,-0.006672810149555102,0.014011099369330956,-0.0017101366275513426,0.006927471316922832
Home Team Game Number,0.006984390616457012,0.9994208254245524,1.0,0.01702533806854273,0.023753958651718587,0.010641753289566068,-0.07795856323972544,0.02087477016634937,0.014755307783317505,-0.0286980286079249,-0.013978981876071214,0.03699107453509391,0.020801334323724354,0.0038560654812572837,-0.0570951556958525,0.025961270691015368,0.012492095098635681,-0.0038710574959657834,0.03818427625684207,-0.055052723670023646,-0.00420415540808197,0.002872147661771551,-0.06609030983670403,0.0029369745867284824,0.11698657500182823,0.014467005347188502,0.012333801327194777,0.03670199888603581,0.0014379916904444178,0.0050003563991443106,-0.06564908142684156,0.016051465507094628,0.035873163913763904,-0.03383885888981656,0.016496946486596095,0.018573776803176272,-0.0023236196856136876,0.01094533297967012,-0.0011263075847242332,-0.005217926211615668,0.011908095274261461,-0.025474328925414666,-0.019901238144687812,0.09255833722457578,0.02227691632331785,0.02070285695219204,0.09855098931442671,0.06353551341839105,-0.04593585943137155,-0.01736506847253082,-0.0066259458033369155,0.024039016922417798,0.12510225872994482,0.019608737254040692,0.017344216608135923,0.0019092819384762996,-0.007883582508117923,0.0167377781875263,0.018754743233245216,-0.044333389675531264,0.03549615856870345,0.0030561687569405378,0.026585530340098876,,0.0064665443796599505,0.00497546843411573,0.01385025409517936,0.007694094461775168,0.01362525968621482,-0.007633170988260273,0.014634729241084837,-0.0025149768977335116,0.007144164703193324
Visiting Team Score,0.016919932385657234,0.01649404496644473,0.01702533806854273,1.0,-0.011478332748734697,0.1750651828419627,-0.04117163767518324,0.5934067404786658,0.7584494062453091,0.4357543424940598,0.21339587144485864,0.5636889811263842,0.9881994443447051,0.11704797849236165,0.20151310316016627,0.1634086328596361,0.37823178769658194,0.18732478055344323,-0.05502370928684527,0.12783796821425958,0.021252146599633998,-0.018519832463847256,0.05667215493839777,0.20862883975337815,0.1851265391199556,-0.010173156092300163,-0.009436992164910401,-0.024442681755779717,-0.04182124888163343,0.29071910989375027,0.0708693990298145,-0.01207434197065547,-0.00609079375376865,0.05715361068414427,0.01630799866856821,0.25542067553004616,0.05160972962774469,0.03322009647081094,-0.008008717354048596,0.06698791748753992,-0.005663263126138961,-0.12783358828024208,0.010510989765092151,0.002458203617259931,-0.04227064540988712,-0.11046152526024047,0.1115697517957044,-0.09769782765938705,-0.05790759199698469,0.060006431373676325,0.003736767473421754,0.039993275848529984,0.40799046444039555,0.9660444137387859,0.9630601902321662,0.1489353642453001,0.08309180835388776,0.023772600893563964,0.013431035038837231,0.26349504668974927,0.04275131107232313,-0.019971837320398932,-0.009879459884081225,,0.7472969131306202,-0.07382666320726126,0.7371324473486596,-0.07671227835253298,0.7833947300372762,-0.008050161651049258,0.8192825811164007,-0.03336345184446277,-0.022887818485795013
Home Team Score,0.05404316803965904,0.025331415378368256,0.023753958651718587,-0.011478332748734697,1.0,-0.17579131505640133,0.05454665152397872,0.008269183177367254,0.0018952171291695362,-0.01063177599624735,-0.020194856477751637,-0.00657159140034474,-0.013768033496327017,-0.07786545722492251,-0.04309035113493849,7.561039674927e-05,-0.050711239824055704,-0.12196940835126134,-0.008861918147366988,-0.04936594893119743,-0.07594157510243775,0.045455905810939945,0.011730734961317222,-0.010905546241816225,0.28753495326037937,0.9667711138970734,0.9614329553077333,0.15230648258349014,0.04548384551158513,-0.29005615440766586,-0.0876675478160015,0.23345521340571332,0.06971185333480973,-0.030256009632061858,0.005281871340179476,0.38050578503069876,0.750082458409012,0.4178374719226084,0.21685693586538704,0.579822217038798,0.987839222025145,0.05400268746579366,0.27155912269931043,0.10404738354449458,0.3536705522152409,0.1200685077250649,-0.12719069603692218,0.13786858320111198,-0.009530017938115018,-0.013575397813432111,0.05034892612455385,0.1240882767288063,0.05617301759609155,-0.004985776585214562,-0.006316380665460249,0.018287814588379338,-0.017788790917074224,-0.026126540224909612,-0.06302499210535639,0.005272035019315235,0.012353453381890622,0.03330622152180195,0.013785392381772303,,-0.035176557297118036,0.7715890256052429,-0.03156796112992723,0.7692960246451084,-0.019748190165078956,0.8102776949329511,-0.025512283282840807,0.8411885342927857,-0.04254511619061333
Length of Game in Outs,-0.025252386789244654,0.010460887042501343,0.010641753289566068,0.1750651828419627,-0.17579131505640133,1.0,0.0008639848301293066,0.6908721890513865,0.2675097165299539,0.13732339225620227,0.01281981004280406,0.08230803491398084,0.16846272040879687,0.23611392220861008,0.05603973294754643,0.06396440138985925,0.29416165997175076,0.38369123986300957,0.18855194610782902,0.13241228734886032,0.08335530299545182,0.07896616574824918,0.022440103200690308,0.32564597928095196,0.4079516239451119,-0.16825264348064561,-0.1667536108844503,-0.008901640578545903,0.031887872304991426,0.9749513969464819,0.3457886570596561,0.018570326795767554,-0.011202593116459015,0.037322811546096776,0.0011963207168702874,0.6640383732362288,0.0007556964530552495,-0.040099450661202324,-0.04534511284985561,-0.0543004287196318,-0.17104148557896104,0.09489767182881156,-0.043413833289124376,0.050527249707123335,0.1718410869986847,0.29577025861269407,0.31045335479030534,-0.02711375118333218,0.04513167332570348,0.03654350319168064,-0.018256900117278325,0.3145630325095712,0.46548505635046367,0.1699985550786503,0.17078666565480055,0.07659069062621653,-0.010676506341142878,0.9633011806584239,0.35352265112634357,0.07992441983998765,0.027750281314509743,0.09770207165519837,-0.013492212579309536,,0.13051354885851402,-0.20297691589075362,0.13757726457419164,-0.19020896787097138,0.0667899304299285,-0.2290633399818219,0.09781452589304789,-0.22792915814750106,0.00500384276439539
Attendance,-0.4700660217917505,-0.07775527467590117,-0.07795856323972544,-0.04117163767518324,0.05454665152397872,0.0008639848301293066,1.0,-0.023632851729732028,-0.05041114648859581,0.0009439071671060072,-0.009604909554568162,-0.04269504158217679,-0.030841362992821746,0.028008953376571846,-0.030228194866286088,0.002029816516077418,-0.0693484579905829,0.022941676665209045,-0.024954037747545916,0.04057274500274769,0.008354873003564797,0.0004991073303109982,-0.00973321454264174,-0.05812104468087145,-0.012104153006332366,0.05695358611129225,0.055134557489624765,-0.02860017361371597,0.05766115829963613,-0.012168046915824814,0.012688284683694864,-0.022122990542742936,0.008128202365988607,-0.048822996329027375,0.0015304360361073906,0.04643930042459891,0.07247556208441096,0.07637877190306823,-0.01752206978924979,-0.002021682986077125,0.0635620384186016,0.09613428716600206,0.006810352749188482,-0.001184631782967032,0.045779949705906806,0.04542581497144133,-0.18111142777372513,-0.009430983635015374,-0.042687000024438426,-0.0341844627574761,0.03696098910710995,0.08139161011918478,-0.12773547294622406,-0.029389514845303284,-0.03035538549709668,-0.06917000247971175,-0.02086387137078476,0.016533731505987595,0.04017989579320292,-0.00788580186792555,-0.03358594618162058,-0.009249270677994616,-0.008833373043320433,,-0.05600665171556533,0.07748679423592468,-0.07492487985196096,0.07993350838628721,-0.04404443829558421,0.04637184026754127,-0.05859105814962022,0.061140817556362054,0.047044020249054144
Visting Team At-Bats,-0.010213909197375087,0.02092261325586817,0.02087477016634937,0.5934067404786658,0.008269183177367254,0.6908721890513865,-0.023632851729732028,1.0,0.8038754859012637,0.39873305117890423,0.10979890379524664,0.3037057852783581,0.5761265390728552,0.09631513453874442,0.03995486123737855,0.0772309790764187,0.2567981513712319,0.3244550478160522,0.10803346420471596,0.16048350909139014,-0.0070830767421934185,-0.04515063557457425,0.042286455714745715,0.6085316452445617,0.3548159979576939,0.013878220441432484,0.012771505527994748,-0.0012342039830929052,0.016834846174670463,0.7012177445038084,0.24710495691930076,0.03040480736479492,-0.0038231019488447924,0.030217465615570382,0.029971228492967437,0.5756058671064678,0.11458445863328215,0.04529334072956176,0.010981639112159852,0.07996343250763896,0.01694199976156976,0.007123958946669197,0.02382520392167288,0.04364312267655903,0.12856194227716156,0.16103878381238704,0.21251334641385644,-0.04463843296830154,0.006455346156007365,0.026168397732255315,-0.012428155255369033,0.2304907764324164,0.538852971454232,0.5662959278244503,0.5668156844330303,0.1348499224874569,0.02090105319725352,0.63214774789026,0.17640385845176784,0.2600461260646546,0.04097520669943042,-0.03764596973954045,-0.011822121165191676,,0.6018687132749889,-0.06553546144576423,0.5681356857664691,-0.05843696537414735,0.518479269353544,-0.03345613390202738,0.5722702690583104,-0.04438924450257538,-0.0037381509543558756
Visting Team Hits,-0.00813216248087434,0.015415416595142,0.014755307783317505,0.7584494062453091,0.0018952171291695362,0.2675097165299539,-0.05041114648859581,0.8038754859012637,1.0,0.4875499569528521,0.16621846949374414,0.37192842419070066,0.7470235740433402,0.14297915554983995,0.1717697504522064,0.0978225248060384,0.22289820188574355,0.21597190170238684,-0.06970469628501208,0.13079095027377197,0.06365363803640689,0.09189674711039907,0.04503900805147569,0.5567722690277986,0.18750716713296192,0.006915271536125796,0.005132319157261529,-0.005023924693180786,-0.019732392895241996,0.3418537946118004,0.11955286730967177,-0.0008587995704969323,-0.01772110207803267,0.03349720627339613,0.041027308480673846,0.3063828162059268,0.07389543215805765,0.04037762666160864,0.012852079410394145,0.07034258343291376,0.010085179899406646,-0.07277015907886916,0.024875523934927844,-0.001793200777073824,-0.016866706538692492,-0.04261453053419901,0.09207646597337502,-0.07460846893481048,-0.04056334516043706,0.03401343762071389,-0.011637832560537631,0.0802648699350324,0.4177906543906285,0.7466778960378812,0.7474488720586767,0.13858715221938814,0.04257774524521994,0.15988432503727712,0.09675275899408448,0.2016783166184413,0.02964072558670923,0.10892360130288825,-0.013230668593287694,,0.9198489081079013,-0.05466567292335245,0.8532107460832902,-0.06116559219069748,0.7745040572424995,0.003590522534673296,0.856552157512425,-0.019651389174451174,-0.012223744361334036
Visting Team Doubles,-0.002334131143686476,-0.029465885713136502,-0.0286980286079249,0.4357543424940598,-0.01063177599624735,0.13732339225620227,0.0009439071671060072,0.39873305117890423,0.4875499569528521,1.0,0.023168505416991093,0.08361827320603851,0.4237379073099247,0.0642482546760553,0.10793432075815951,0.07771923307560671,0.13834175992147954,0.23105031015057423,-0.030633727609466345,0.02859025206106421,0.013464646936435953,-0.016998191025323944,0.022362427803601283,0.249098791610345,0.1090797407413475,-0.009287927396043134,-0.010024594460607035,-0.00011450654193939788,-0.02292312807891941,0.18573364816175908,0.0838713134395447,-0.0007016928611243339,0.025422341558410333,0.023531884924151352,0.005746127584493014,0.1719217123434442,0.038356594615766,0.033975077901663944,0.013096376683829613,0.026317648754041262,-0.005007661610757199,-0.04293329631526839,-0.028224083902443,-0.028516975791989783,-0.015797622295522635,-0.027865990437250677,0.04521212739451117,-0.031162740052142642,-0.021878356938899106,0.0225336346922368,-0.0017749607569917092,0.0463900658558299,0.20237176087219286,0.42959034582555783,0.42928394578513684,0.06325326652249019,0.017539168764850538,0.06970913496899975,0.053499516976066655,0.11144342323960985,0.03836152261267583,-0.012328673940553585,-0.03374494737119724,,0.4602114019601078,-0.04545161636062769,0.43123322712153955,-0.042061432055407855,0.495015785490988,-0.007790325272647981,0.504763984405453,-0.02063784984256923,-0.02643498990103035
Visting Team Triples,0.02548524271726349,-0.014383928528896296,-0.013978981876071214,0.21339587144485864,-0.020194856477751637,0.01281981004280406,-0.009604909554568162,0.10979890379524664,0.16621846949374414,0.023168505416991093,1.0,0.00850312962123278,0.20811839849949426,0.01329742020017929,0.12720134645113537,0.04710307607716599,0.09418362299747449,0.08401431571008165,-0.06884879480973224,0.04160463355369224,0.015556972998325267,-0.014417379013668479,-0.007562618718777309,0.068312207905374,0.011723439541286577,-0.009636132323516346,-0.007722740502618046,0.03658019988501211,0.03613672517469215,0.042902071035898506,0.040002126627391575,-0.018577665219104224,-0.02854945676758173,-0.0039415756640205895,-0.010382337879740088,0.03719551813112356,0.0034301094930441426,-0.006668673632334465,0.031006316160719805,0.058579558010778604,-0.018388955013857254,-0.04145087882527837,0.011839568411769077,-0.023355316224790704,-0.04095390708995235,-0.012222424686441125,0.011740837148187673,-0.005247751459943277,-0.03386599255034944,0.0036702621705236257,0.02275813117081266,-0.005898426759209975,0.10518550647438774,0.20535730430391433,0.2061204999619776,0.009721085448010312,0.017264439183306834,-0.02434266370289115,0.036377602599434976,0.05129549990462546,0.034771581869718966,-0.011121374088125678,-0.01038233787974011,,0.19052618841256852,-0.017845818129647306,0.17610718846577567,-0.026636267675697243,0.2483728924508923,0.03214802006413759,0.23819742448527625,0.012680527106901252,-0.0026839191615138794
Visting Team Home-Runs,0.08046645213551075,0.035442733794489006,0.03699107453509391,0.5636889811263842,-0.00657159140034474,0.08230803491398084,-0.04269504158217679,0.3037057852783581,0.37192842419070066,0.08361827320603851,0.00850312962123278,1.0,0.5758626096625522,-0.016489426162102656,-0.013070420183973737,0.0331049143516088,0.11412455611549858,0.011915798459661713,0.0666150119952298,-0.039131844627616506,-0.016379745784829296,-0.030318309498768705,0.05515075988676953,-0.03913567195342793,0.09466862961480198,-0.00013570724004581742,0.002716022370723683,-0.0347296082792874,-0.021055026747084326,0.1497936260091994,-0.01198038460483354,-0.019691321303694,-0.023377334139408658,0.029471330037086005,-0.00034879982776831494,0.13139570615306928,0.020700749798884276,0.009760224415008073,-0.013829181345479334,0.07123881642210592,-0.005005763200534342,-0.07230661049313586,-0.02904117150697172,0.0291561695823939,-0.0479050257568828,-0.07825764319858197,0.11527109066467883,-0.06957322829605084,-0.0659930035555542,0.0362951878386822,-0.009307124113381006,0.0005323819267491797,0.17900531172061537,0.5785831456510326,0.579464248901345,0.014235086237964104,0.060609061909421266,-0.004644998651578261,-0.0887264840706195,0.05005889845357438,-0.017832720482020448,-0.022295614632012854,-0.024548864068646217,,0.3280083451053225,-0.04662504638315802,0.3306195509817597,-0.052227609414182176,0.7809880235397344,0.009784148622148998,0.6654939120829281,-0.012114491911289259,-0.05855829296171289
Visting Team RBI,0.0156679231447047,0.020042690368096316,0.020801334323724354,0.9881994443447051,-0.013768033496327017,0.16846272040879687,-0.030841362992821746,0.5761265390728552,0.7470235740433402,0.4237379073099247,0.20811839849949426,0.5758626096625522,1.0,0.1106031005824004,0.20606572229853734,0.1678933314242706,0.37210150403608194,0.18352936962470662,-0.05298715109618597,0.12521209608239972,0.02402171558588148,-0.02073946777670939,0.05772048183299595,0.19441699876947643,0.18733491901705115,-0.012631407098864865,-0.012114321029180572,-0.016856094028443767,-0.04984580910630677,0.28316784249362115,0.06546274832900963,-0.014119389052778404,-0.007593075229087629,0.05441773414557224,0.009458702459255381,0.2515112760823577,0.051357677904945054,0.030649348477537783,-0.015045159311939584,0.06264268813962218,-0.0077544210862600235,-0.12893396034413074,0.0061897655147554135,0.011228340001118992,-0.0391599046361014,-0.11589587758951601,0.1133186117350291,-0.10207001613359935,-0.05820771379603051,0.05685647872758409,0.007409948872304742,0.048152523910234474,0.4001723329965774,0.9719232921720838,0.9693553524852088,0.12424437175312206,0.06917090530774594,0.01875708653524213,0.0017463446029505536,0.20897111620683828,0.03766234943951181,-0.01796644695916949,-0.008450757557814235,,0.7405773268593263,-0.07229492120307772,0.7307334296798577,-0.07235704150151594,0.7863449063926501,-0.011714653933857412,0.8189345860817306,-0.034331336995503,-0.02124153355268498
Visiting Team Sac Hits,-0.11064696570005175,0.004844145952262891,0.0038560654812572837,0.11704797849236165,-0.07786545722492251,0.23611392220861008,0.028008953376571846,0.09631513453874442,0.14297915554983995,0.0642482546760553,0.01329742020017929,-0.016489426162102656,0.1106031005824004,1.0,0.0874465665646154,0.062167413587314105,0.12618818296652257,0.2028742217222041,-0.04375390483599093,0.06580216765308654,0.03340471798032994,-0.019425589330779584,-0.022824585041622422,0.16659878125759084,0.0953897500453314,-0.07873284677692495,-0.077708965068684,0.002124508351634001,-0.005992373430652255,0.24722011062354166,0.08375253171553447,0.017622950848643675,0.0008803381357317948,0.03486790509643728,-0.015023650124057283,0.16755020124526965,0.001080360233677924,-0.00964983230214678,-0.006360589743022333,-0.06797315437375993,-0.07433719650971143,0.06238297680129016,-0.008904062691665087,0.005843981154034016,0.01706256175075619,0.07217933820498564,0.04447798733306498,0.02799073945980041,-0.03763222800354246,0.030834585061248424,-0.03190834909926184,0.10475606523484018,0.1613944389298746,0.10599412189808312,0.10250696876784693,0.037395483362541074,-0.01005738014110801,0.20690779190728248,0.1319268187217864,0.07572234262787228,-0.003476635827463454,-0.009366846780889724,-0.015023650124057267,,0.2467823084560941,-0.05321674426124708,0.19052671077663752,-0.061401014717183205,0.0807411672838639,-0.0890176492659828,0.12730649696545474,-0.08404509452388895,0.024913229511650023
Visting Team Sac Flys,0.014145797529859245,-0.05701990851389879,-0.0570951556958525,0.20151310316016627,-0.04309035113493849,0.05603973294754643,-0.030228194866286088,0.03995486123737855,0.1717697504522064,0.10793432075815951,0.12720134645113537,-0.013070420183973737,0.20606572229853734,0.0874465665646154,1.0,0.052558274531942534,0.11488887075266269,0.09496591150016107,-0.04926649434545294,0.04593710882998634,0.024990681759514893,-0.023985127679599223,0.023398768088767487,0.11520766626401222,0.06222245972357617,-0.04073101826521824,-0.03897300838002885,-0.006058402979634128,0.006668614998622443,0.08550195035501092,0.049653989395868396,-0.023837860653607688,-0.011197468548681602,0.019235299764078083,-0.012507867267764965,0.06098708004353106,0.0012954958438923614,0.012127185629146815,-0.014323219962064322,0.006288975766833327,-0.045987571613939786,-0.05878875094328754,-0.03875018464860779,0.021919829236012725,-0.025906525135529466,-0.08386217025200148,0.0359010734051563,-0.012373681971683896,0.01644596809022222,0.01704332827620035,-0.006897757844665123,0.01736995846109187,0.11414458367391508,0.17367297947987612,0.17469961310671497,0.08651466031867512,0.0008053261008261153,0.016732909243079186,-0.029792801517848695,0.11999073427724673,0.006185362002013564,-0.027425219632467402,-0.01250786726776492,,0.29510184934237865,-0.0380098261402929,0.18436427331873673,-0.02861645217245058,0.1488784034759514,-0.013894123656317833,0.17226754992454696,-0.02000872831721341,0.02639397791147274
Visting Team HBP,-0.008381498999658175,0.02711637507539195,0.025961270691015368,0.1634086328596361,7.561039674927e-05,0.06396440138985925,0.002029816516077418,0.0772309790764187,0.0978225248060384,0.07771923307560671,0.04710307607716599,0.0331049143516088,0.1678933314242706,0.062167413587314105,0.052558274531942534,1.0,0.08021530659486945,0.04178566467831731,-0.01683508587356048,0.1447977150615399,0.01146463134895833,0.024713917565193793,0.028805956231304764,0.20668160347307213,0.07378925169928971,0.0034716469958358206,0.006045493747340907,-0.01924179176813876,-0.006100759829627177,0.078002784997219,0.010792537750416288,0.00011043997640814774,-0.0260100994330852,-0.028686738701352868,0.027771810158773832,0.10117053431944249,0.06065485510916364,0.06735944596357124,-0.019331105789728232,0.0019313800596494558,0.007529688188994302,0.03699193569048687,-0.05117258272891832,0.006065709969799691,0.0036400610880245395,-0.015081371274377987,0.015362285231673087,-0.0009678985499961027,0.040807193745758974,-0.009673909109612569,0.04353266338153682,0.0783211891301137,0.1670068971149894,0.16303450786745255,0.16339550183188833,0.02837458902929738,-3.667732968078835e-05,0.04274128505525865,0.05724759606457645,0.020322110560281343,0.04461413862955349,0.04304344643481271,-0.015878165462945182,,0.1763919275461112,0.015545533637444691,0.24237188371459173,0.022329452071635805,0.08937499381310465,0.012630753945453975,0.15269653519373655,0.016855248529448263,-0.015589495848052509
Visting Team Walks,0.05286245748921997,0.010939742858283152,0.012492095098635681,0.37823178769658194,-0.050711239824055704,0.29416165997175076,-0.0693484579905829,0.2567981513712319,0.22289820188574355,0.13834175992147954,0.09418362299747449,0.11412455611549858,0.37210150403608194,0.12618818296652257,0.11488887075266269,0.08021530659486945,1.0,0.4064041507772894,0.03893710581845145,0.20045504239180698,0.03359229224407423,0.13227174587706259,0.04311694455023015,0.5832965102006362,0.2083445623479239,-0.05793621659241946,-0.05879550285951497,0.01731181374481095,-0.04466564028087913,0.32651562608473866,0.0887760979342615,0.04277998545046243,-0.019889143232778864,0.012219279078901107,-0.024404065110102943,0.2440375577645963,0.010436694590454723,-0.018907738650036462,-0.030844933704153598,0.006548752308690357,-0.05546694078181688,-0.03000836962283691,-0.029201280062296046,0.0043232610974316635,0.04778709422229816,-0.01021715243078774,0.14699021894947165,-0.013341507262688285,0.0319746435331517,0.028426113766187675,0.06764482338375269,0.10663482531840568,0.4679371774394672,0.3662499775984049,0.36613047083549455,0.1608142604513049,0.054204362929487236,0.23542782433988615,0.10004117198667595,0.11303196593872111,0.04794778775730034,0.1254716664793947,0.014540866834497195,,0.40904821308041384,-0.08498426670288038,0.5794543117338008,-0.06497731640861569,0.18727984231931327,-0.06973520036346284,0.34675141596245956,-0.07194986176705637,0.0012228241569646836
Visting Team Int Walks,-0.09821281662732004,-0.004510067629596331,-0.0038710574959657834,0.18732478055344323,-0.12196940835126134,0.38369123986300957,0.022941676665209045,0.3244550478160522,0.21597190170238684,0.23105031015057423,0.08401431571008165,0.011915798459661713,0.18352936962470662,0.2028742217222041,0.09496591150016107,0.04178566467831731,0.4064041507772894,1.0,0.04757848055399529,0.15643590698791424,0.036363681036840664,0.010954440432753247,0.01814695874645913,0.37015352325277656,0.19255882085920062,-0.12153591860630905,-0.12219525294646369,0.004486511463627269,-0.005358484623079929,0.3973074780560269,0.11412107259187954,-0.012400015441093079,-0.025468485120013384,-0.012044825421004655,-0.011787198904029865,0.2776570976718643,0.0028771142272368973,-0.0260155677876512,-0.008785200331829692,-0.0437735870042438,-0.11927193831116839,0.03623563827169853,-0.024136927524511697,-0.01646150050387394,0.06503542190991442,0.09818443573155831,0.13672195575407195,-0.031068629707064487,0.055257258842698505,-0.01329929339414321,-0.007565512460383849,0.18420595996585037,0.268564405455385,0.17632935642225805,0.17647620549318468,0.08598944230904791,0.05657161615219735,0.3415787587479787,0.14886003232200454,0.08390557659721068,0.04677343098083161,0.016974781607768816,-0.01178719890402989,,0.2917065744652945,-0.08554101089664318,0.27597192948018395,-0.08314504837798041,0.12549896307787664,-0.10511210457676187,0.19032917659936394,-0.10309364020113651,0.03975921077169878
Visting Team Strikeouts,0.24179012771456423,0.03797153644769656,0.03818427625684207,-0.05502370928684527,-0.008861918147366988,0.18855194610782902,-0.024954037747545916,0.10803346420471596,-0.06970469628501208,-0.030633727609466345,-0.06884879480973224,0.0666150119952298,-0.05298715109618597,-0.04375390483599093,-0.04926649434545294,-0.01683508587356048,0.03893710581845145,0.04757848055399529,1.0,0.017126078515841588,0.023635063266599747,-0.1719243756980009,0.01839476852379947,0.048398650208153475,0.1178900136424727,-0.009378305859208609,-0.007358893251321865,0.03013185988722977,0.0204647322480404,0.15919464717657314,0.015578545571859097,0.03954619776171453,0.04441114216778037,-0.014514007394164917,0.007138345822988525,0.098619264735808,-0.020144242939055777,0.004206306798306364,-0.013543459552052509,0.012712456477520324,-0.013773475775932737,0.00013379518671036375,-0.004803528862883034,0.06586964100216669,0.06996060287032181,0.0746070914760268,0.15520385299987094,0.0383122224461933,0.0368857561493122,-0.0007084173325286459,0.024765084648833337,0.05317111879745423,0.13031344420123311,-0.04310625416507196,-0.042462539962687076,0.052740990365662516,-0.007295318075821626,0.21136200436376992,-0.37175830799495263,-0.04939407329381419,0.04573929544255363,-0.1759948899802589,-0.010949601766740676,,-0.1278448733887551,-0.04404425489233432,-0.10689560080514085,-0.02291923138334929,-0.055452724990824986,-0.0330199147291426,-0.07846863246664751,-0.03122730729386748,0.002957776152612524
Visting Team Stolen Bases,-0.08429904654478036,-0.05386960352092957,-0.055052723670023646,0.12783796821425958,-0.04936594893119743,0.13241228734886032,0.04057274500274769,0.16048350909139014,0.13079095027377197,0.02859025206106421,0.04160463355369224,-0.039131844627616506,0.12521209608239972,0.06580216765308654,0.04593710882998634,0.1447977150615399,0.20045504239180698,0.15643590698791424,0.017126078515841588,1.0,0.032115354810004146,-0.04745256101896792,-0.003997623205722747,0.2259485046535065,0.050085980738952623,-0.06327026695626943,-0.06531188093943961,-0.0414816207801681,-0.015108643402352092,0.15157351439629974,0.05624841001688016,0.009210188796372603,0.0017116895847544922,0.02049505666373539,0.013245938338740985,0.07570982055213717,-0.031918371436305513,-0.036427458201933584,-0.03739049387083195,-0.039764155860754276,-0.04776082052278788,0.040966705377069805,-0.054104082391427576,0.03473762121321881,0.005823339575673161,-0.0019793994413684133,0.027576552025310203,-0.06820348274658544,0.04899117233869759,0.0193711527009222,0.006479589279160989,0.01832611991883969,0.13701911063561245,0.12037669093783217,0.12049184385883983,0.0017800503699367065,0.0002602086065379872,0.10042560878249496,0.05556496594572552,0.09458348476795952,-0.009261346250159482,-0.04155808389088495,-0.017339374116957216,,0.1614199308490154,-0.07132044939024788,0.19556606237679092,-0.05741901014129499,0.035085064728992185,-0.08008877655196196,0.09752043013137676,-0.07640308935209697,0.0012111531337611382
Visting Team Caught Stealing,0.026997513998925887,-0.004152764481440434,-0.00420415540808197,0.021252146599633998,-0.07594157510243775,0.08335530299545182,0.008354873003564797,-0.0070830767421934185,0.06365363803640689,0.013464646936435953,0.015556972998325267,-0.016379745784829296,0.02402171558588148,0.03340471798032994,0.024990681759514893,0.01146463134895833,0.03359229224407423,0.036363681036840664,0.023635063266599747,0.032115354810004146,1.0,-0.0383838996325183,-0.03288212816386247,-0.054674951917907236,0.05321818394682935,-0.08691968486842837,-0.08846390667806757,-0.015180971690649232,0.02195261635806044,0.09565644455247986,0.04079425500009418,-0.025463486448004665,0.008275215481653716,0.018030581059117267,-0.012416503005739809,0.03598248419510473,-0.029460892352441648,-0.02030268329888886,-0.004553815901794886,-0.0699076786128231,-0.07733021749281999,0.04066811575021321,-0.013935298944041306,-0.006949054660782323,-0.0042274064396501795,0.01708231760598412,0.023883375280430826,0.034652949248390394,0.034169411697130565,0.0246754886487637,0.015759042827931342,0.03973205845828575,0.06028944976265858,0.026146671271679668,0.027085136912565224,0.024310114751912824,0.016569855093432142,0.06293095586218277,0.11240466310751318,0.010881928239191284,0.005145616966685162,0.014304366614353326,-0.012416503005739666,,0.09609637853510983,-0.04155692299940952,0.10557962129272387,-0.04662874322451047,0.048050541863106706,-0.0698902028802205,0.07284126305011812,-0.06541448746165288,0.005284515460070865
Visting Team G Double Play,-0.029208137235964833,0.004035920553939131,0.002872147661771551,-0.018519832463847256,0.045455905810939945,0.07896616574824918,0.0004991073303109982,-0.04515063557457425,0.09189674711039907,-0.016998191025323944,-0.014417379013668479,-0.030318309498768705,-0.02073946777670939,-0.019425589330779584,-0.023985127679599223,0.024713917565193793,0.13227174587706259,0.010954440432753247,-0.1719243756980009,-0.04745256101896792,-0.0383838996325183,1.0,0.02952239109592087,-0.03948594469111801,0.0664818527763449,0.03821308631371212,0.03798649590846725,0.030995762608244635,-0.01993241088370149,0.0644315001500435,0.030706059089516305,0.0471809911299053,-0.011907692069960741,0.003120755048622301,0.07038520167314527,0.10754524392968358,0.07351828636541581,-0.02503826882353943,0.007095850372044662,0.03397953614028347,0.03730160317152652,0.030573008222628636,0.0007407431888792405,-0.042032212333913396,-0.0034769402399576683,0.022156454173637576,0.0035310273015435796,-0.007144218545709462,-0.027853367045977816,0.019492646538256397,0.016111527475104564,0.04311196839024113,0.026489529675570944,-0.015357070865175262,-0.013914073028966412,0.0022915410434800796,-0.020998259432574155,0.09122209134997071,0.3318834566889244,0.02805981733240917,-0.04116024027206475,0.9249705855363733,-0.023813731735708638,,0.16074561635129875,0.04079025952316572,0.18324682731379033,0.025668063786695356,0.05400769470102773,0.029992571595079558,0.10603721418018743,0.030120277051308163,-0.018817012678018708
Visting Team Awarded First on Interference,0.04953917897101997,-0.06674388534661543,-0.06609030983670403,0.05667215493839777,0.011730734961317222,0.022440103200690308,-0.00973321454264174,0.042286455714745715,0.04503900805147569,0.022362427803601283,-0.007562618718777309,0.05515075988676953,0.05772048183299595,-0.022824585041622422,0.023398768088767487,0.028805956231304764,0.04311694455023015,0.01814695874645913,0.01839476852379947,-0.003997623205722747,-0.03288212816386247,0.02952239109592087,1.0,0.05870789416807473,0.0665370051542284,0.015030311501182909,0.01555590723791165,0.02508586433908702,-0.01973103183844017,0.020695670656454813,-0.004828495624101504,0.02809102150205114,-0.025365761468050616,0.029816039486060326,-0.0026728975434028904,0.03781982274008443,0.03082872158245974,0.013414094224296319,-0.005211274186935936,-0.019353012842390476,0.019136759775742706,-0.012316240320690567,0.017085032503369686,0.03239967873792763,0.019255113981762842,-0.019241449513870554,0.031003445571734876,-0.005506698300453648,0.0032195804817597216,0.02398807562630946,-0.00567689923668358,0.04538891278125687,0.05000175915596958,0.041009127943607955,0.04146596003624886,0.05411940867475592,-0.01799775173038732,0.023043471791921365,0.005356402831758046,0.11830215476138872,0.07392395578580031,0.02962269364784429,-0.0026728975434029056,,0.04917000028810786,0.024652022974215232,0.052040365644388825,0.028928612685818728,0.055567855867857265,0.003028720959538685,0.05802140012552856,0.012576649611166437,-0.03086177389089955
Visiting Team LOB,-0.0014394446453016884,0.0028674384576936264,0.0029369745867284824,0.20862883975337815,-0.010905546241816225,0.32564597928095196,-0.05812104468087145,0.6085316452445617,0.5567722690277986,0.249098791610345,0.068312207905374,-0.03913567195342793,0.19441699876947643,0.16659878125759084,0.11520766626401222,0.20668160347307213,0.5832965102006362,0.37015352325277656,0.048398650208153475,0.2259485046535065,-0.054674951917907236,-0.03948594469111801,0.05870789416807473,1.0,0.18320661359572113,-0.009282252332164603,-0.011970852151864135,0.01896411578107275,-0.00874544872438776,0.32626470374525046,0.11646014015043064,0.037596416832258985,-0.028266541286577174,-0.02144144351110502,0.018905741111888263,0.2734931509544184,0.05262964447364547,0.018110462845485415,0.003686893856685847,0.0227594392498837,-0.006371584859654168,0.021212371710715643,-0.012072102834761926,0.0160255585630091,0.06204142436305989,0.043099483941485786,0.10453871486020634,0.014438499373077994,0.05064403785876823,-0.016397371909266753,0.040153423595269806,0.13494714522090648,0.4515248183942546,0.18685386181488928,0.18964681864618757,0.14552821276295566,0.010368936610257852,0.3031042925129708,0.05559458636298558,0.22240113981407425,0.054056758788714826,-0.042151613561483864,-0.00019666166205153902,,0.5828130720541316,-0.04076006880832592,0.6417459810792467,-0.025409419234926827,0.23189470269351556,-0.02609011728983921,0.4010107685682167,-0.02731671460353138,0.02125347338212352
Visting Team Pitchers Used,0.13367302975158085,0.11700399051937958,0.11698657500182823,0.1851265391199556,0.28753495326037937,0.4079516239451119,-0.012104153006332366,0.3548159979576939,0.18750716713296192,0.1090797407413475,0.011723439541286577,0.09466862961480198,0.18733491901705115,0.0953897500453314,0.06222245972357617,0.07378925169928971,0.2083445623479239,0.19255882085920062,0.1178900136424727,0.050085980738952623,0.05321818394682935,0.0664818527763449,0.0665370051542284,0.18320661359572113,1.0,0.2750689043875055,0.2717725221319051,0.13335875807544423,0.03928119616992385,0.37402859358326906,0.0805413576348798,0.13637733396328586,0.0698249029419397,0.015513194510577361,0.0007755298435697057,0.5172806483264614,0.32756969236764705,0.16677824120372828,0.02759521816565169,0.13307607672644772,0.2853996113832504,0.04466938435701637,0.06026009746056331,0.1218283235232177,0.417889509708813,0.20514914859468278,0.18841139718937755,0.0888382571089375,0.036483117330049136,0.00044919875219811005,-0.005019165491474134,0.42266420004449956,0.4522534327581909,0.1810356336182119,0.17934263817687623,0.09157346755871762,-0.029361719025096867,0.42158770394959544,0.1276464636056612,0.09054352998814891,0.05966469389712839,0.08324020185005793,0.0007755298435697082,,0.14235383412629585,0.2641620568652366,0.15904369038575908,0.3284405145569183,0.10904776792805373,0.1785073342476265,0.1351617953690482,0.24286837576077408,-0.026573336151303598
