,Date,Visiting Team Game Number,Home Team Game Number,Visiting Team Score,Home Team Score,Length of Game in Outs,Attendance,Visting Team At-Bats,Visting Team Hits,Visting Team Doubles,Visting Team Triples,Visting Team Home-Runs,Visting Team RBI,Visiting Team Sac Hits,Visting Team Sac Flys,Visting Team HBP,Visting Team Walks,Visting Team Int Walks,Visting Team Strikeouts,Visting Team Stolen Bases,Visting Team Caught Stealing,Visting Team G Double Play,Visting Team Awarded First on Interference,Visiting Team LOB,Visting Team Pitchers Used,Visting Team Ind ER,Visting Team Team ER,Visting Team Wild Pitches,Visting Team Balks,Visting Team Put-outs,Visting Team Assists,Visting Team Errors,Visting Team Passed Balls,Visting Team Double Plays,Visting Team Triple Plays,Home Team At-Bats,Home Team Hits,Home Team Doubles,Home Team Triples,Home Team Home-Runs,Home Team RBI,Home Team Sac Hits,Home Team Sac Flys,Home Team HBP,Home Team Walks,Home Team Int Walks,Home Team Strikeouts,Home Team Stolen Bases,Home Team Caught Stealing,Home Team G Double Play,Home Team Awarded First on Interference,Home Team LOB,Home Team Pitchers Used,Home Team Ind ER,Home Team Team ER,Home Team Wild Pitches,Home Team Balks,Home Team Put-outs,Home Team Assists,Home Team Errors,Home Team Passed Balls,Home Team Double Plays,Home Team Triple Plays,Unnamed: 75,Visiting Team Batting Average,Home Team Batting Average,Visiting Team OBP,Home Team OBP,Visiting Team Slugging,Home Team Slugging,Visiting Team OPS,Home Team OPS,Win
Date,1.0,0.002963438865409845,0.0024827362056356016,0.03930344981558188,-0.004072190577726985,0.02626489894339729,0.014629700352924371,0.03552111329734552,0.016358250405072463,0.03976406172288158,-0.018840808511359865,0.080736156879016,0.03094883191326438,-0.08788665682402712,-0.04957558713489465,0.09051412048608341,0.010736566277836838,-0.029210730689300433,0.06751652827569395,-0.059374465466831075,-0.03342804162513053,0.02295089462602834,0.03375384774107997,-0.000614772971736876,0.06653225304805953,-0.0007860534482116316,7.489661920822019e-05,0.07359881198349172,-2.7544918613297894e-06,0.030133089452119812,-0.020930940376586254,-0.02689374030010225,0.02749356035768522,0.03242239644477112,,0.02733396337770693,-0.0007558135874575571,-0.021820576183250475,0.04268717952482554,0.022103303294249015,-0.007505136179653081,-0.11185339758667481,-0.03782427796430315,0.06323811514204343,0.012262681732457764,0.033281263843589384,0.11191841715804778,-0.06189631332860759,0.0060787978462444,0.02818858351226203,0.008477738730018228,0.007523213034576764,0.037894245641798066,0.038612934924596214,0.03848639246770034,0.04094531038645549,-0.0033761828686817365,0.020177992080263496,-0.014201463062466071,-0.00047558602120540235,0.005624468861109914,0.03829575035087935,0.00727926386605633,,-0.00013782917264246576,-0.013436083206328227,0.011566648121099476,0.0037066987713218792,0.05060561898024854,0.004959464346918952,0.039109571561471414,0.0048169778644827,0.05996120293469014
Visiting Team Game Number,0.002963438865409845,1.0,0.9996195761012399,0.026384996729702143,0.002654366704153471,-0.026217227621334604,0.14209561090745704,0.02051414160136381,0.04228422259111101,0.029963612170778527,0.021582213420510137,-0.008761133199103118,0.02300725649508302,-0.01842917657473395,-0.006138261500650231,-0.01699224123723992,0.029199725531592446,0.015531648637385244,0.02378719505757882,-0.04311695538839272,-0.01725799604212951,0.04335837681187009,-0.04041508774481327,0.044114052310478345,0.09037192878125715,0.0026138308004275794,0.003420986642529186,0.03200254810111674,-0.026568903830899118,-0.02270398911552675,-0.06140053274248953,-0.012877134512386207,-0.052852296674746356,-0.04561417637378253,,-0.021534649703258885,0.001932196634253065,-0.0013372138249866617,-0.001824191061440376,-0.0006442112193457265,0.00908427115959442,0.004942048534735418,0.05699855384886994,0.010582314075743737,-0.07576518569140467,-0.01086275910381891,0.08303063713952345,-0.0369654545693357,0.00664798889504313,-0.03855207865502504,0.013037170891410103,-0.05350790348633286,0.11187798325539727,0.020811495666731825,0.019893274495295724,0.02861742198816997,0.008645275386540918,-0.02876055270472089,-0.03222937976696092,0.04342076306720891,0.03975408948683964,0.03470882137379153,0.006327096579611543,,0.04291841243762377,0.0024768075077775645,0.051220740389882856,-0.02618858243936812,0.027781654717894427,0.008885091346446322,0.03832715639864119,-0.0036561792799324985,-0.022686749186794284
Home Team Game Number,0.0024827362056356016,0.9996195761012399,1.0,0.027107937603627612,0.0019678890033626374,-0.024975667240850905,0.141678951609773,0.021727895677377724,0.04272934449185116,0.03146030642986934,0.022153752519493537,-0.008305509755256742,0.02350178773994104,-0.01810797546167747,-0.006982097389422495,-0.017691490469325916,0.03121423425301167,0.015851468799026477,0.025143154201773356,-0.04323076779802697,-0.01541440038261023,0.04144379205457991,-0.04133626881082035,0.04537367436347761,0.0912811622687101,0.0015964172542482745,0.002419497014284971,0.03188232528459274,-0.0251739820314637,-0.021438693775273097,-0.06019054502364339,-0.011887836134360388,-0.05243160443888783,-0.04625486924976023,,-0.02020209914745996,0.0018069148085275506,-0.0004159264464464457,-0.0016514644565465964,-0.001372990056768461,0.00829502566862647,0.005543172179079525,0.05617131486134361,0.009916662501551286,-0.07537825048765999,-0.010913019791580785,0.08390595205073659,-0.034469334882117786,0.005111375697934261,-0.039212418648860305,0.013914150604056503,-0.051931672458068255,0.11255557985139648,0.021595662267099358,0.02068118603082735,0.02865299393831119,0.008578489722138706,-0.027620749125467255,-0.03368213629114419,0.043799346278622364,0.03882856433147368,0.03294818867088203,0.006305936986995602,,0.043353206358615545,0.0017304117017508218,0.05205503515417133,-0.02672725478401234,0.02855706703517016,0.008288749388533932,0.03917325785866578,-0.004270180060972697,-0.022863677422784997
Visiting Team Score,0.03930344981558188,0.026384996729702143,0.027107937603627612,1.0,0.02541127062811769,0.16196719182518277,-0.04100401251674952,0.5864744655267172,0.7778995179278957,0.46938510049721865,0.2170203251567464,0.5212869693159815,0.9873344987545264,0.09209465357882997,0.25656735908085593,0.10884023871602223,0.3461025296169598,0.14097910047334467,-0.07584703537764692,0.12556032695288072,-0.030048266920983904,0.007620829820684056,0.038357732816701066,0.2265969491680642,0.20506535207603396,0.015682544469513622,0.015452121174998995,0.006433613852565067,-0.04091118861803455,0.2804341005648493,0.0852196738455066,-0.02062897884385031,0.009843501850910567,0.08473275970544875,,0.27442654353417445,0.07132393233911216,0.02114432902517451,0.04380845485982239,0.03263461984271771,0.0322010255291431,-0.11124115767298895,-0.03083926691378928,0.012350297050464212,0.03983651335074371,-0.08995080160287747,0.08626706541843099,-0.058162189289179086,-0.14200398458795105,0.11110088725188179,0.022996031473183104,0.09932587832174943,0.3710166407723303,0.9633491327255204,0.9596192381718336,0.15657658339966668,0.011154630748898544,0.013847804621600481,-0.0014838894313123272,0.253542406923447,0.08178586728083036,-0.020131930574409627,-0.0010812902879224942,,0.7597292107313752,-0.049949931146387926,0.7400679202184536,-0.041948528885856116,0.7847328001414956,-0.026018276552643424,0.8171060830853001,-0.033692076242733994,-0.0020166132246514324
Home Team Score,-0.004072190577726985,0.002654366704153471,0.0019678890033626374,0.02541127062811769,1.0,-0.12545045621279732,0.0682025481359753,0.06260865808344136,0.04683371329557043,0.06291870297108144,-0.054392944755156665,0.03144308436689824,0.02415748783919518,-0.11332159996692912,-0.04260734038385573,-0.008513566911060763,-0.010635560787678498,-0.10392256228521914,0.06109887084868483,-0.08204856798710389,-0.07138680958708638,0.028077655499517417,0.07363844845100277,0.03018617838293939,0.27537698669885213,0.9664042313467187,0.9643734530452595,0.20055770474347173,0.0448694184445563,-0.2332470301733519,-0.11013038568271345,0.230854681550277,0.07044518223889007,-0.0692157457748621,,0.3948160614025122,0.7494271424126178,0.3819267934129927,0.2280065932723632,0.5073603719524443,0.9853539972802591,0.05166567661077983,0.21946105996652632,0.14574014868118298,0.3168997711947179,0.12305124051326502,-0.06924683822125235,0.16712382306033152,-0.054128175405712846,-0.06404457881796768,-0.0170214577021822,0.16777094570919135,0.12782074765641332,0.029605682127825356,0.031205058312129802,-0.019851412126499265,-0.020419880246665068,0.008020538321222464,-0.03953650084705119,-0.0020773888930957865,0.0062615932102138006,0.037788158507666036,0.03462977835266272,,0.009194189240292205,0.7546550348123674,0.014721454651163313,0.74424791598188,0.03507737414481791,0.7666568796962975,0.02962736697466889,0.8087188304879696,-0.03045264693071641
Length of Game in Outs,0.02626489894339729,-0.026217227621334604,-0.024975667240850905,0.16196719182518277,-0.12545045621279732,1.0,0.013800421942360683,0.7099881267637954,0.2701740556125628,0.1377454480401201,0.08974502064593014,0.09441873423730142,0.15474520761293958,0.19283006695333257,0.06996760341382223,0.09226434922983544,0.23278708280744465,0.3183767632060889,0.27680918565531537,0.13103779508062413,0.16428859003656773,0.059951222103150084,0.03614237436341812,0.31448900023618953,0.431945554199162,-0.12484632552773595,-0.12427585238451011,0.04281320790712666,-0.015533419908998142,0.976538297795242,0.3603909101369187,0.03817285586804341,-0.025119819834012635,0.1530533608643887,,0.6941320714439719,0.04224200479179635,-0.057449124287729476,-0.04276397595301931,-0.05377631840753885,-0.1223127898200833,0.06737417894379802,-0.026537595728762593,0.07161889861083447,0.1918851609208079,0.2330908069549733,0.3538838273012761,-0.0020716225260876487,0.01616992555505553,0.14341774417286177,0.04067871466017686,0.30163462751117676,0.42307088016176564,0.15952190898921578,0.1597852488755521,0.08744611076941351,-0.02237378663754302,0.9678070926928111,0.3166405721877352,0.1089988008527213,0.054040218774075596,0.0742886161311143,-0.017440363757598328,,0.09907686800786113,-0.1834325316940812,0.10082866431398466,-0.1558835436372101,0.07387499041262267,-0.21642097775035646,0.08862792248454188,-0.20800664219938,0.01687976497401019
Attendance,0.014629700352924371,0.14209561090745704,0.141678951609773,-0.04100401251674952,0.0682025481359753,0.013800421942360683,1.0,0.0038232580469738362,-0.034765763978705025,-0.058066001499880074,0.01756522776670899,0.009665469577815743,-0.03929155636836301,-0.03440652565715874,-0.04740705434073876,-0.005559930047144963,-0.0310027676899031,-0.010487223592778238,0.10299751310980805,-0.0212529637931459,-0.016412656571836163,0.04365728683340488,-0.011162766491355646,-0.02083418773848468,0.0061723513114761855,0.0653354586930213,0.06470698406273573,0.06405176194352316,0.048540312337468985,-0.00312105680334546,0.0031568425825991243,0.0016484126237226143,0.023822908439011713,-0.002189464302673025,,0.045270421036657835,0.05990183507603346,0.012736965666450849,-0.017747623266520234,0.06057200083829264,0.06404319953194935,-0.006661636827745677,-0.004894259850285946,0.03477214972652215,0.0661216948246717,0.026299499339462205,-0.02262934572060337,0.03945495474380726,0.0052876532861038895,0.007086747505299055,0.00240626539245754,0.059819856195412385,0.013995316874060365,-0.04340573959957179,-0.04448498123005889,-0.046025856557864044,-0.03147508854842192,0.03275548048014491,0.009930126108033364,0.019618128202746443,0.0019968126769564663,0.03573634942808584,0.03522623414376902,,-0.052833259638626305,0.06797454159368001,-0.0505892026793047,0.07817920826768424,-0.030159432956189187,0.06273138810257918,-0.03972335854397685,0.07264047267200688,-0.008746147486035917
Visting Team At-Bats,0.03552111329734552,0.02051414160136381,0.021727895677377724,0.5864744655267172,0.06260865808344136,0.7099881267637954,0.0038232580469738362,1.0,0.7923893270779148,0.416254012013522,0.18516111416720507,0.3247759325671382,0.5798645891361898,0.06694355443078812,0.05622653580872735,0.05838936022379447,0.2158772235491472,0.29173926352136914,0.1919805443913037,0.15817210519391503,0.009447189314439731,-0.03481064336336638,0.01948209534989082,0.5991875023890149,0.3941097941473385,0.05237121521803615,0.054428260824156395,0.04561508990315964,-0.00824419022470687,0.719959676551204,0.2600287096264132,0.04441957263335924,0.012750421630704684,0.12116720587314915,,0.6210128151053711,0.1621201787951791,0.00839749969448576,0.021649693358582297,0.05882179133440468,0.06489717710063142,-0.0013270461902815053,0.010752714177005789,0.09531991821863926,0.18816302056904627,0.14413768849889594,0.26089225451346937,-0.0003703505522396781,-0.05055638963277649,0.1291691603315228,0.033430616252026646,0.27496172698104554,0.5503177170276777,0.573594724328597,0.5719536861683252,0.11988796315170679,0.004597788671493033,0.6560075636775768,0.17347861979565685,0.23619321506603347,0.0802041029826309,-0.043835587063835176,-0.03744497673861039,,0.566513118543142,-0.02970090975087757,0.5345951333479818,-0.009199012146206404,0.5428077516487643,-0.03957173522613432,0.5737218412041297,-0.030809014200033503,0.01928124903246055
Visting Team Hits,0.016358250405072463,0.04228422259111101,0.04272934449185116,0.7778995179278957,0.04683371329557043,0.2701740556125628,-0.034765763978705025,0.7923893270779148,1.0,0.5098634017016016,0.21495803415281903,0.38105193454118186,0.775696562923339,0.1431042740701183,0.20568354921487597,0.048097281163636825,0.2065198735798884,0.20838954816985372,-0.05347648481443209,0.14974795473810534,0.029768820145843474,0.09779715376482077,0.006255997230490114,0.557571050872685,0.21406015616559346,0.035206914574886276,0.03587958348919255,-0.002316826242289257,-0.015219083759303165,0.346259773701791,0.11820260712978149,0.022639579143937518,0.003409950610092619,0.08952731079688118,,0.3319761898654554,0.10730899135478383,0.016119656097513316,0.02007602543268938,0.054650104058335605,0.04970652638374935,-0.05574358468927293,0.0065818118364898235,0.03930461861144811,0.05258612546794757,-0.015084931062850566,0.11542308660768164,-0.03465916373859896,-0.10316524862955342,0.11048880668552603,0.031238035121762733,0.12844283614759966,0.44264519468399954,0.7759101066709526,0.7750413129303466,0.11582119477238348,0.03634155779275812,0.16513892717307216,0.11223622068481554,0.16864788691677993,0.07355842746692048,0.09342053871473224,-0.016762907126514945,,0.9135969500645124,-0.016624563581439135,0.849935986403349,-0.015494294204035865,0.8080411124665983,-0.0038658549457943857,0.8743922665548052,-0.008472054603127695,0.010994384622728792
Visting Team Doubles,0.03976406172288158,0.029963612170778527,0.03146030642986934,0.46938510049721865,0.06291870297108144,0.1377454480401201,-0.058066001499880074,0.416254012013522,0.5098634017016016,1.0,0.05759899128551463,0.07246035374569582,0.46595846958451126,0.06205369158685182,0.1759760520955548,0.004932187194565288,0.16545267505190694,0.22873253409824357,-0.019565337358268924,-0.0018433430481177863,-0.05082367155395074,-0.02724113853979346,0.0462742537184976,0.2815880029031422,0.1471969694488904,0.052483714837854106,0.054107558240798284,0.035908705467363,0.003911353783084999,0.18221641921367746,0.0637074032594991,0.01712871919326303,-0.01820620461252613,0.021877464753884975,,0.19575713104928333,0.07266453922792937,0.02177532405157337,0.004895725595177879,0.06220082835816572,0.06123057736619563,-0.05494523564045157,0.0019668611882841507,0.003516288698537802,0.040685547708492274,-0.011752738124053062,0.08775983448868427,-0.026232353654214672,-0.06270628637628466,0.03852529892304623,0.01219847383233079,0.060876119839302745,0.255464558835402,0.4650239060631737,0.46443297043848636,0.0867805257512023,0.015032994502205495,0.07755624607209173,0.01573714243855951,0.09468794408338065,0.04913550564588183,-0.03324907409220729,0.0335438371491211,,0.486335680695791,0.003551697312027967,0.45006199852501216,0.010701320131818905,0.5319159540550892,0.02396256764054619,0.5344829595132885,0.02057649886061892,-0.03509045661447485
Visting Team Triples,-0.018840808511359865,0.021582213420510137,0.022153752519493537,0.2170203251567464,-0.054392944755156665,0.08974502064593014,0.01756522776670899,0.18516111416720507,0.21495803415281903,0.05759899128551463,1.0,0.02012857272713168,0.22400339805352193,-0.000871801499005115,0.05548038757539584,0.04206001593984213,0.126318766891248,0.0976856256231802,0.01710924114553879,0.08905093998194584,-0.004647368181056944,0.03179388050943491,-0.010598753410112472,0.13196698246215863,0.0266358363848976,-0.05375861577155124,-0.05395552058413419,-0.014658614302834758,-0.016478935678381705,0.11565510754937697,0.04989107471385567,-0.004457500758638534,-0.004086880636661164,0.05921572989865336,,0.0748304477964292,-0.020313623757621087,-0.043092739366832715,-0.014963293446616129,-0.018594953490922737,-0.05108409963425064,-0.022013850901696635,-0.040167476753655666,-0.028032307801694148,-0.003286728272912614,0.009838477783056531,0.05079351263541681,-0.022023469970134373,-0.0746646574331523,0.07555575612950982,-0.026042261190986786,0.024326332464695222,0.09882529637847612,0.22737977298637574,0.22849623306545283,0.00046532185695965925,-0.02648089409778513,0.05411125848647857,0.021966997579480157,0.03736414204374787,-0.0029685731456058555,0.02615036985530402,-0.015014796435031322,,0.20749374455748232,-0.05986156042097735,0.20859231294259598,-0.0614581421177468,0.2671224541787687,-0.06251107923887196,0.2618659090076509,-0.06623044043418208,-0.019797495400714543
Visting Team Home-Runs,0.080736156879016,-0.008761133199103118,-0.008305509755256742,0.5212869693159815,0.03144308436689824,0.09441873423730142,0.009665469577815743,0.3247759325671382,0.38105193454118186,0.07246035374569582,0.02012857272713168,1.0,0.5360328442921926,0.005094331245920534,-0.05802332822914901,-0.03597145610525333,0.07228844843135547,-0.013191131453098148,-0.003777960934439133,-0.04794362064801615,-0.012979671549513492,-0.04957230394616624,-0.01831280210093144,-0.006656927089112347,0.1438313416879651,0.01821153157457908,0.019222601055782954,0.008313127050502144,-0.015978802781316616,0.1536642117084485,0.017294262650840737,-0.024231579670809633,-0.011089856059423418,0.009056146393553738,,0.16144177775366836,0.056227101170446624,0.012516544676853399,0.01834278376655254,0.07001895244779735,0.036084509520545455,-0.025103245830270498,-0.01870208870431162,0.020769187577361514,0.05185478739857623,-0.021527506715031192,0.03834723638642496,-0.01475923153751674,-0.08618625646981445,0.025809107313198954,-0.025590344889585396,0.08571458044356067,0.20282029983280653,0.5326082328210342,0.5337828901475036,0.02040432298077973,0.0008798204080695952,0.01954405407756525,-0.0664963423220691,0.008097311475295148,0.046464874374517046,-0.06697324392124746,-0.0331812133693025,,0.31156702679130793,0.0007546412820369494,0.312213569760222,0.007501057526957129,0.7459637560267688,0.025235493599359803,0.629740896366318,0.020259145579436786,0.0353007701769817
Visting Team RBI,0.03094883191326438,0.02300725649508302,0.02350178773994104,0.9873344987545264,0.02415748783919518,0.15474520761293958,-0.03929155636836301,0.5798645891361898,0.775696562923339,0.46595846958451126,0.22400339805352193,0.5360328442921926,1.0,0.09105253619548846,0.25705871916668693,0.09972245699377467,0.331435387718732,0.1264468517708401,-0.0737672305333253,0.11745266461333681,-0.02972917690029012,-0.000681380058878667,0.030194608624025863,0.22135015140682646,0.19860376547040845,0.01612245582032205,0.015746251468663416,0.007531937805323338,-0.04077250829418493,0.2716928445603288,0.08241708961125052,-0.025798338095842158,0.008905104872924428,0.08376983693680083,,0.2685067378934908,0.07431311209819817,0.02274003435964572,0.034713056196876826,0.03572688665895202,0.031953174750024856,-0.10315042663858107,-0.03059063267961342,0.0171673801898694,0.03429107621622429,-0.08767162440632625,0.07534943923895993,-0.05381738420135173,-0.13674780987846888,0.11033448566363116,0.02462825995376605,0.0999956307986323,0.36609732630350256,0.9635115086937593,0.9600994002290585,0.11753859426046259,0.005750026288788318,0.00883207793300664,-0.012066857599511606,0.20404402951321526,0.06944805172565331,-0.02970881878185467,-0.004965889786512828,,0.7553918378024302,-0.04332090131965346,0.7333698114463945,-0.037193117530776636,0.793790054814442,-0.021143039830319,0.8208118258002095,-0.02854087804968613,-0.003656416348165078
Visiting Team Sac Hits,-0.08788665682402712,-0.01842917657473395,-0.01810797546167747,0.09209465357882997,-0.11332159996692912,0.19283006695333257,-0.03440652565715874,0.06694355443078812,0.1431042740701183,0.06205369158685182,-0.000871801499005115,0.005094331245920534,0.09105253619548846,1.0,0.07911544976260829,0.030712442706594276,0.10181623404895855,0.13395273015591602,-0.035582273989948995,0.07462029871218172,0.050967395191980555,-0.02803926450183435,0.009826407842364097,0.16653517631182765,0.055090866397518236,-0.10711508508474507,-0.10901251319453488,-0.020995234292162747,-0.0021333366098198296,0.20992065895099096,0.09676517907089369,0.013412253037665434,-0.006447368891855912,0.0888502405200906,,0.10219005891084186,-0.043065045996640905,-0.04591874391199795,-0.028062976190910274,-0.0569345835074694,-0.11522138457875125,0.047410727719686324,0.009822078112723391,-0.00575751649171938,0.010768386898015092,0.00998058429042305,0.010769346523684468,0.013163345762764738,-0.011563726839699627,0.09397521890062731,0.03164552920871397,0.06326867946624935,0.1168349541440333,0.07214231085103988,0.07340263371503028,0.02303228254940381,0.0014689759203615788,0.16135910009987653,0.14274743681457727,0.06295203421454183,0.014977907820792887,-0.03498968642927954,-0.022627653012474068,,0.255530818555026,-0.08305964831627387,0.19308758915970403,-0.07979873055924012,0.11060438845545073,-0.1000729670639579,0.14851869982687357,-0.09907065072979766,0.033844381636958625
Visting Team Sac Flys,-0.04957558713489465,-0.006138261500650231,-0.006982097389422495,0.25656735908085593,-0.04260734038385573,0.06996760341382223,-0.04740705434073876,0.05622653580872735,0.20568354921487597,0.1759760520955548,0.05548038757539584,-0.05802332822914901,0.25705871916668693,0.07911544976260829,1.0,0.1014281286613659,0.11468006312204788,0.10754441756656422,-0.10872469440744024,0.09509490145325067,0.0018147001508719927,-0.036634024290603494,0.012467292859370266,0.11485986328242279,0.020801474909301856,-0.03509115384125892,-0.036105929640701306,-0.005413862823370213,-0.0195328069727429,0.11494382505527229,0.011446183612067258,-0.03579594383670871,-0.030165884702986333,0.04671815733463111,,0.07047190209424603,-0.011309800027284222,-0.029779757329811612,0.008146368162740893,-0.019743202063860477,-0.036849454091733284,-0.03225822828287423,-0.009152564247670553,-0.02233060926773189,-0.027614830293645892,-0.04376196792673193,0.016930017140272736,-0.06477125399923947,-0.01910805417518441,0.05322854308460465,-0.010210979237050609,-0.0074859832011562035,0.10858285008834513,0.23558169694977396,0.23614255169497578,0.09830955529317804,0.017761091498883205,0.013228433610244613,-0.0354530184387718,0.14480021252428832,-0.028691917435463458,-0.03581830252964852,0.08811405315232403,,0.3332627046579945,-0.06274432890902858,0.21538902988566513,-0.06177898409495091,0.14847248769116742,-0.0561120846106907,0.18291077508132206,-0.06192519802845523,-0.05060736089282833
Visting Team HBP,0.09051412048608341,-0.01699224123723992,-0.017691490469325916,0.10884023871602223,-0.008513566911060763,0.09226434922983544,-0.005559930047144963,0.05838936022379447,0.048097281163636825,0.004932187194565288,0.04206001593984213,-0.03597145610525333,0.09972245699377467,0.030712442706594276,0.1014281286613659,1.0,0.10231666876259496,0.0323130149001987,0.020963301664230844,0.06091317413200724,0.005420260546425452,0.04075669517436067,0.02759716771922866,0.24709489870794157,0.048447794457357,-0.012052572666459956,-0.011539878620184487,0.0014597063118594786,-0.034028111145685665,0.10032052802323024,0.0953778258112528,0.015162036910928305,0.043603540019458466,0.06561725212645943,,0.07283978783455315,0.011022479042338263,-0.022808720161037747,0.0014970417973012085,-0.033246152213148424,-0.005746435369996312,0.021788589208585715,-0.04886735391044265,0.08790115112805884,-0.02181928646332542,-0.03706279027774158,0.03914199087890623,-0.028356619514653035,-0.021436703677925842,0.09179496515644042,-0.00913435272123526,0.010939899887169756,0.10632569437103617,0.09516834749399833,0.09483995798210718,0.08842094764088584,0.008671490232532256,0.07734798688200838,0.0114597511128218,0.07185355959404208,0.040456605935888366,0.043308849860211905,-0.02351096839515082,,0.12897594236578183,-0.02177345299547413,0.20872110117986423,-0.013381165669599944,0.0028402977795654537,-0.04014776325138785,0.08036151101020392,-0.03277249924062519,0.004648239378624693
Visting Team Walks,0.010736566277836838,0.029199725531592446,0.03121423425301167,0.3461025296169598,-0.010635560787678498,0.23278708280744465,-0.0310027676899031,0.2158772235491472,0.2065198735798884,0.16545267505190694,0.126318766891248,0.07228844843135547,0.331435387718732,0.10181623404895855,0.11468006312204788,0.10231666876259496,1.0,0.33848466172388547,0.04530694665369083,0.17301570002827343,0.024073074404837132,0.11460870780622068,0.05673513460747634,0.5779473626312709,0.1734888971533645,-0.018298587156629298,-0.02074258064760723,0.0025475627500937165,-0.04423662307498646,0.2664443297162136,0.12195421704870525,0.019031041175560325,0.013271498854765054,0.08208850904253791,,0.22107268340764186,0.051933325302106405,0.008263708992063516,-0.029953948613481145,0.02143383740198719,-0.004949335495078596,-0.024773996296038492,-0.021003352196484134,0.053596969461184446,0.06990418414423517,0.03720163952006776,0.0843806166493305,-0.02145784391770655,-0.024635714584861867,0.08889085212903633,0.04813369453087618,0.11936666642880654,0.38498521553301057,0.32901573660414835,0.3272086130795178,0.22518601411973493,0.024508102124011086,0.17957103179721637,0.026855050258868442,0.11003483868870721,0.0816445780140875,0.10308160862175308,0.02775172323734969,,0.39432769252343275,-0.020186767525734,0.5674701071886714,-0.009121938514992347,0.18134465187046675,-0.028628347810491207,0.33775923735406904,-0.023212118057760904,0.00742370954695557
Visting Team Int Walks,-0.029210730689300433,0.015531648637385244,0.015851468799026477,0.14097910047334467,-0.10392256228521914,0.3183767632060889,-0.010487223592778238,0.29173926352136914,0.20838954816985372,0.22873253409824357,0.0976856256231802,-0.013191131453098148,0.1264468517708401,0.13395273015591602,0.10754441756656422,0.0323130149001987,0.33848466172388547,1.0,0.0560957158104152,0.13246769262410135,0.024960770276195476,0.03731596697557505,-0.0018476786094036729,0.35819300653018465,0.12476702679924419,-0.10632211206073981,-0.10592721497986206,-0.01714443779705078,0.014268480059330981,0.3351258208708435,0.13278343800323905,0.0005482430090769692,-0.018448096186111224,0.037997655452184746,,0.2193874383544704,-0.0027425787935094884,-0.04042901390606825,-0.014545826051172191,-0.07357788609362377,-0.10251390257297835,0.00785985429270208,0.016065712796857052,0.004681215253912711,0.014935256208959644,0.04126004175618258,0.09153050036738146,-0.0009036194359591424,-0.004110196925250885,0.04002176807333097,-0.008402574482244402,0.09664949774182059,0.1899395603962626,0.12303479173890884,0.12375776424808468,0.12307038787243871,0.01356160230133747,0.279820530847554,0.08884048092670745,0.1409443886230683,0.0393798135654945,0.030492613192997772,-0.016771475710637387,,0.26187752386380714,-0.08193356719262178,0.24347134688401892,-0.08963326241589586,0.12048555007040447,-0.11752589067106083,0.1742344016743147,-0.11482092852314069,0.0292278138679327
Visting Team Strikeouts,0.06751652827569395,0.02378719505757882,0.025143154201773356,-0.07584703537764692,0.06109887084868483,0.27680918565531537,0.10299751310980805,0.1919805443913037,-0.05347648481443209,-0.019565337358268924,0.01710924114553879,-0.003777960934439133,-0.0737672305333253,-0.035582273989948995,-0.10872469440744024,0.020963301664230844,0.04530694665369083,0.0560957158104152,1.0,0.04732027413464847,-0.017968522781566982,-0.16589478834190607,-0.022749982297189813,0.10976809290109657,0.15505975638829264,0.06161126432505821,0.06328735398510252,0.07237931570706445,-0.005625722763261379,0.23375925008186987,0.07326175637811785,0.01036047210731612,0.0013664173324026742,-0.012527447088057342,,0.23081889843077696,0.08174914316361928,0.032226697200342304,-0.01855150014616341,0.05519131636226642,0.059769294567060004,0.002976681647019795,0.006585425458753095,0.07511176943795167,0.06885882911615131,0.07971844546605467,0.09498795155923352,0.03837934878162492,0.04588458887800787,-0.020619335500618816,0.009295499299928369,0.11082328522884134,0.18736506077450468,-0.05846093017610619,-0.05725699119543102,0.040100795026103836,-0.027545854383846716,0.3106238661452951,-0.36741951857120625,-0.05163835605138779,0.024583031143733898,-0.173384623080382,-0.03862544445226593,,-0.1585449427865625,0.012809515491250839,-0.13188100262510427,0.024882350768120905,-0.11105308644452919,0.02360184265935786,-0.1258334417323108,0.02563412876580204,-0.006063373160454014
Visting Team Stolen Bases,-0.059374465466831075,-0.04311695538839272,-0.04323076779802697,0.12556032695288072,-0.08204856798710389,0.13103779508062413,-0.0212529637931459,0.15817210519391503,0.14974795473810534,-0.0018433430481177863,0.08905093998194584,-0.04794362064801615,0.11745266461333681,0.07462029871218172,0.09509490145325067,0.06091317413200724,0.17301570002827343,0.13246769262410135,0.04732027413464847,1.0,0.007003231760809302,-0.015978427028120162,0.01257418473615306,0.20758746375914303,0.06149369037051685,-0.07534135516772386,-0.07518274011856234,-0.019857704490073742,-0.017964720831543664,0.15517972470537272,0.07467841915613212,0.009769742334583144,-0.000786510067597651,0.05824038130323246,,0.06695587943403426,-0.054476239481988806,-0.061459508442297264,-0.06893324972090205,-0.01655844281834318,-0.07711099233887463,-0.027615344110308575,-0.006339371429407265,0.043619462706452,0.018318007083331877,-0.013816301220122649,0.033035445458930245,-0.018389006296272246,0.019545024917179025,0.06462853297123294,0.0026386407259794964,0.03340577157574731,0.15033173599052665,0.10396594253399888,0.10342793575553695,0.10768408508407891,-0.0005078495570370469,0.09500898605687333,0.019987911173621108,0.16656651659835828,-0.025633674142333623,-0.006439692177774699,-0.005066544116864775,,0.1765482278662852,-0.08771932508421612,0.1839027834212517,-0.08182942776063916,0.04472762809429895,-0.09453556495801525,0.09981316524433918,-0.09600114910645037,-0.04088503433135797
Visting Team Caught Stealing,-0.03342804162513053,-0.01725799604212951,-0.01541440038261023,-0.030048266920983904,-0.07138680958708638,0.16428859003656773,-0.016412656571836163,0.009447189314439731,0.029768820145843474,-0.05082367155395074,-0.004647368181056944,-0.012979671549513492,-0.02972917690029012,0.050967395191980555,0.0018147001508719927,0.005420260546425452,0.024073074404837132,0.024960770276195476,-0.017968522781566982,0.007003231760809302,1.0,-0.0464129948659405,0.014003434004267522,-0.07665082192833016,0.07730364320223429,-0.076296723898823,-0.07711975803068345,0.015512381113136364,-0.011519757990344671,0.1614667994245118,0.015422633849882352,0.018788791981987695,-0.0191256388878309,0.04390695123985396,,0.10334495918981265,-0.01858160516162866,0.009374336911054793,-0.057441534004165615,-0.0175427099832279,-0.07253930611868065,-0.009268339966253944,-0.026791757395306256,-0.006736839830408176,-0.03231092408676017,0.024440353307365686,0.053133729459835466,0.029123024406329166,-0.009675299190662576,0.020620534303729666,-0.010217258709639706,0.024816494739522087,0.03641407401711715,-0.03134379125342664,-0.02983802062878509,-0.015706383770742016,-0.00805158418722023,0.15779264705684196,0.16992697100544238,0.0043340351698153085,0.035442344535140564,0.03560322125392684,-0.018366985278053385,,0.04439604056932055,-0.07366538900826072,0.05313679726271616,-0.07555157920974087,0.0021876847207935065,-0.05217996391711392,0.02146478226685173,-0.0643601269325295,-0.02469882355154215
Visting Team G Double Play,0.02295089462602834,0.04335837681187009,0.04144379205457991,0.007620829820684056,0.028077655499517417,0.059951222103150084,0.04365728683340488,-0.03481064336336638,0.09779715376482077,-0.02724113853979346,0.03179388050943491,-0.04957230394616624,-0.000681380058878667,-0.02803926450183435,-0.036634024290603494,0.04075669517436067,0.11460870780622068,0.03731596697557505,-0.16589478834190607,-0.015978427028120162,-0.0464129948659405,1.0,0.04160408292174813,-0.052108847702634596,0.02976506273142477,0.01256637322647933,0.0103121059821909,-0.0005476127319359491,-0.03891619502290258,0.05381477153008387,0.06144382497927884,0.08237705861772833,-0.027681436124595657,0.010992473629555131,,0.05967550108159792,0.04114771863014024,0.03690630799888812,-0.0185948752686419,0.009478399184948872,0.021135393644072197,0.05071108160085135,0.03416118701398159,-0.009499094221027373,0.02050884652507113,0.0491174189965523,0.032430236665493904,-0.024557042999869647,-0.032490290988626463,0.007303705746019067,0.003994877036721838,0.035075430003871554,0.010944238328216959,-0.0016936917028363768,-0.003977995066789116,-0.002005321175183811,0.022391772255695514,0.06354950122364016,0.3487793418190794,0.06301251783003911,-0.007401454489365276,0.9143280100233453,-0.03468627695699487,,0.15890600107409322,0.03829633907421963,0.188118663870836,0.03065083784620143,0.051462693734060136,0.02368616333054599,0.10602370558820981,0.027851234563578155,0.02397736540135986
Visting Team Awarded First on Interference,0.03375384774107997,-0.04041508774481327,-0.04133626881082035,0.038357732816701066,0.07363844845100277,0.03614237436341812,-0.011162766491355646,0.01948209534989082,0.006255997230490114,0.0462742537184976,-0.010598753410112472,-0.01831280210093144,0.030194608624025863,0.009826407842364097,0.012467292859370266,0.02759716771922866,0.05673513460747634,-0.0018476786094036729,-0.022749982297189813,0.01257418473615306,0.014003434004267522,0.04160408292174813,1.0,0.031121936413260377,0.025384952546966575,0.06821927130361044,0.06568871790168682,-0.018611766765663774,-0.013819132534932303,0.031214430275727924,-0.03308473684448622,0.04533721157486341,-0.018322252145828735,-0.009724389955453074,,0.06213383846692802,0.04082454591997786,0.018744907589638208,0.0017596782223839049,0.005758108487031754,0.07051545621927868,-0.029515952128952652,0.013120612648558717,0.006124358669992235,0.06601844925310058,0.05029736678358781,0.019313796027649772,-0.015015865439743412,-0.02138560075949987,0.003198611891111354,-0.005076665405143781,0.032947025763493974,0.04762584147266447,0.019638507345441803,0.019924926975392523,0.03959919160505233,-0.011830678359403749,0.039747516379796295,-0.00854431494653902,0.10315942262254839,0.012944040747319224,0.04693960817884185,-0.0029269769267723923,,0.01113356046550406,0.03178655712971597,0.02553117716988839,0.03407969921035716,-0.003311278938949635,0.011683142658944984,0.007316570517562995,0.02083359176630338,-0.008061299454233593
Visiting Team LOB,-0.000614772971736876,0.044114052310478345,0.04537367436347761,0.2265969491680642,0.03018617838293939,0.31448900023618953,-0.02083418773848468,0.5991875023890149,0.557571050872685,0.2815880029031422,0.13196698246215863,-0.006656927089112347,0.22135015140682646,0.16653517631182765,0.11485986328242279,0.24709489870794157,0.5779473626312709,0.35819300653018465,0.10976809290109657,0.20758746375914303,-0.07665082192833016,-0.052108847702634596,0.031121936413260377,1.0,0.1729045890056598,0.023798228655239353,0.024529192006365056,-0.008195666887968248,-0.013705057315272606,0.3154017514920988,0.14785904420662016,0.039064377638587236,0.03287371863488022,0.08621373352925189,,0.2744565522276607,0.08935869331343156,-0.01699067851235928,-0.016532960637878725,0.04366862868654616,0.03250880715825456,0.00960781217096825,0.00903507496967669,0.11144017485626291,0.08092591833904045,0.07479458599335198,0.10417925265157567,-0.0028294151632126167,-0.0006218743169268455,0.09857885716392485,0.03572612946481183,0.140138247777714,0.4680758052188788,0.2176194535593639,0.21721276513838914,0.17560062381630193,0.042022952814707956,0.2946739593536982,0.026543832998914593,0.19143739553829978,0.07100773665237979,-0.06667563169090694,-0.02859205189285701,,0.578284157887551,0.00997438439604869,0.6445793663703184,0.021791034638629584,0.2877939533686396,-0.006297615987174948,0.43985391804384516,0.0037998501912865894,0.023537407308065635
Visting Team Pitchers Used,0.06653225304805953,0.09037192878125715,0.0912811622687101,0.20506535207603396,0.27537698669885213,0.431945554199162,0.0061723513114761855,0.3941097941473385,0.21406015616559346,0.1471969694488904,0.0266358363848976,0.1438313416879651,0.19860376547040845,0.055090866397518236,0.020801474909301856,0.048447794457357,0.1734888971533645,0.12476702679924419,0.15505975638829264,0.06149369037051685,0.07730364320223429,0.02976506273142477,0.025384952546966575,0.1729045890056598,1.0,0.2670992801241541,0.2674875051075717,0.1615115869314121,0.021585274135434904,0.41411740043279666,0.06082933195538331,0.131446434025317,0.013374540829289234,0.03909793816870358,,0.5394619266477579,0.3420232373400345,0.13428318496531383,0.058975192461981796,0.1348165998942183,0.2757835074500832,0.010473558785020714,0.08124782668053639,0.10508309794732425,0.3968484340173866,0.18746817311103706,0.2339804441849467,0.08170968348970904,0.007217541652618158,0.03250452925448923,0.054351306463899164,0.44431266654313456,0.3911012649872968,0.2008320964893467,0.20121086682838718,0.04028870629907452,0.033926911551189674,0.42703266470194423,0.10814934641561173,0.09747009752109628,0.043595912315530484,0.04459867206406986,-1.7531162724052368e-18,,0.13893600676743723,0.25783095229664044,0.1479471618369271,0.3179492866909351,0.15353120850945998,0.17952327052641087,0.16105003437493476,0.24314083491350613,0.022889375271447243
Visting Team Ind ER,-0.0007860534482116316,0.0026138308004275794,0.0015964172542482745,0.015682544469513622,0.9664042313467187,-0.12484632552773595,0.0653354586930213,0.05237121521803615,0.035206914574886276,0.052483714837854106,-0.05375861577155124,0.01821153157457908,0.01612245582032205,-0.10711508508474507,-0.03509115384125892,-0.012052572666459956,-0.018298587156629298,-0.10632211206073981,0.06161126432505821,-0.07534135516772386,-0.076296723898823,0.01256637322647933,0.06821927130361044,0.023798228655239353,0.2670992801241541,1.0,0.9987333741554288,0.19371259394609866,0.04239861994935447,-0.22875902310878257,-0.11541210445107918,0.09740769971394563,0.040680781501952056,-0.06522725008227223,,0.3799976384601478,0.7452402961111644,0.388348172827617,0.2249563138631282,0.5276026742614676,0.9684389400980674,0.04433724884357158,0.1937414342718488,0.14355706659227577,0.31472710334916304,0.11456340671715252,-0.06130114641487058,0.16124157058299696,-0.05457562099025595,-0.06574110803570679,-0.01737757641268381,0.16580048550605658,0.11393952105766446,0.01876665560443855,0.020367280147502442,-0.029068142009725594,-0.02258437824952658,0.0040491918589572184,-0.04525713778140668,-0.004842454556323379,0.011157883264817236,0.023718194611601937,0.0409445660856021,,-0.0026944853398092527,0.7549097830846789,0.001595526798204501,0.7453996687474019,0.019319893144144094,0.7824726041199835,0.01387149623256457,0.820087446050862,-0.02340704391103093
